21
100000 100000 5 13 7 100000 17 100000 67 100000 100000 21 8 25 100000 100000 28 23 11 100000 14 
100000 100000 59 100000 100000 20 100000 100000 100000 15 19 100000 100000 16 45 29 27 100000 100000 100000 31 
5 59 100000 100000 100000 100000 100000 38 100000 100000 100000 100000 100000 100000 26 100000 100000 9 6 100000 10 
13 100000 100000 100000 100000 53 64 100000 35 32 100000 100000 22 100000 100000 100000 41 100000 18 100000 44 
7 100000 100000 100000 100000 37 49 100000 24 47 100000 61 34 39 65 100000 12 69 73 77 100000 
100000 20 100000 53 37 100000 43 36 100000 40 51 50 100000 100000 100000 100000 42 100000 46 55 100000 
17 100000 100000 64 49 43 100000 100000 100000 63 74 100000 52 100000 81 100000 100000 100000 71 56 75 
100000 100000 38 100000 100000 36 100000 100000 54 72 100000 100000 85 89 100000 4 58 100000 100000 60 62 
67 100000 100000 35 24 100000 100000 54 100000 68 100000 100000 80 83 93 97 79 86 100000 92 66 
100000 15 100000 32 47 40 63 72 68 100000 100000 100000 100000 101 87 100000 100000 100000 100000 105 70 
100000 19 100000 100000 100000 51 74 100000 100000 100000 100000 100000 95 100000 100000 91 76 98 100000 100000 104 
21 100000 100000 100000 61 50 100000 100000 100000 100000 100000 100000 109 100000 100000 100000 107 100000 100000 30 99 
8 100000 100000 22 34 100000 52 85 80 100000 95 109 100000 48 100000 113 100000 100000 117 100000 103 
25 16 100000 100000 39 100000 100000 89 83 101 100000 100000 48 100000 78 100000 82 110 116 119 100000 
100000 45 26 100000 65 100000 81 100000 93 87 100000 100000 100000 78 100000 122 111 125 84 128 100000 
100000 29 100000 100000 100000 100000 100000 4 97 100000 91 100000 113 100000 122 100000 100000 115 100000 100000 57 
28 27 100000 41 12 42 100000 58 79 100000 76 107 100000 82 111 100000 100000 131 100000 33 100000 
23 100000 9 100000 69 100000 100000 100000 86 100000 98 100000 100000 110 125 115 131 100000 134 100000 100000 
11 100000 6 18 73 46 71 100000 100000 100000 100000 100000 117 116 84 100000 100000 134 100000 88 100000 
100000 100000 100000 100000 77 55 56 60 92 105 100000 30 100000 119 128 100000 33 100000 88 100000 90 
14 31 10 44 100000 100000 75 62 66 70 104 99 103 100000 100000 57 100000 100000 100000 90 100000 
