48
100000 84 100000 9 6 100000 13 100000 17 100000 100000 100000 100000 21 20 25 10 100000 100000 12 100000 29 100000 100000 15 23 100000 100000 27 100000 26 32 100000 100000 19 18 35 100000 22 100000 100000 41 100000 100000 100000 100000 100000 44 
84 100000 100000 37 30 100000 74 47 100000 100000 31 100000 100000 100000 50 100000 100000 100000 39 100000 100000 45 100000 100000 100000 51 100000 100000 57 73 100000 77 34 55 100000 100000 59 100000 36 85 93 67 97 71 100000 40 62 100000 
100000 100000 100000 101 100000 100000 100000 49 75 79 42 68 100000 105 109 83 100000 80 113 46 87 100000 100000 91 99 86 52 58 100000 100000 92 100000 100000 60 117 103 28 100000 100000 107 100000 98 100000 100000 64 66 100000 125 
9 37 101 100000 100000 89 70 72 104 110 100000 100000 100000 132 129 100000 100000 116 128 100000 131 133 100000 137 78 100000 100000 100000 100000 100000 82 134 100000 100000 88 100000 100000 100000 140 100000 145 143 149 100000 100000 153 100000 90 
6 30 100000 100000 100000 152 135 100000 96 155 157 100000 100000 100000 100000 100000 100000 108 139 100000 100000 161 165 158 100000 112 100000 151 159 100000 164 100000 163 100000 122 114 100000 100000 100000 100000 100000 100000 167 100000 118 169 120 100000 
100000 100000 100000 89 152 100000 100000 100000 100000 100000 100000 170 100000 171 100000 173 100000 100000 176 100000 100000 124 179 182 100000 177 100000 181 126 185 189 100000 100000 147 193 100000 61 188 175 197 191 100000 183 100000 100000 100000 100000 100000 
13 74 100000 70 135 100000 100000 100000 194 201 205 100000 100000 209 200 213 100000 130 187 100000 100000 100000 100000 138 203 33 195 142 100000 100000 7 206 212 100000 100000 199 207 100000 144 217 215 100000 100000 218 221 100000 100000 148 
100000 47 49 72 100000 100000 100000 100000 100000 100000 156 224 100000 160 225 211 100000 100000 219 162 100000 166 229 233 100000 100000 223 100000 100000 100000 227 237 100000 231 230 100000 100000 241 245 249 4 235 100000 236 239 100000 242 100000 
17 100000 75 104 96 100000 194 100000 100000 243 100000 100000 168 172 253 100000 100000 100000 257 248 251 254 174 260 100000 247 100000 102 100000 100000 178 180 263 184 100000 186 261 100000 100000 100000 265 100000 100000 100000 100000 269 100000 100000 
100000 100000 79 110 155 100000 201 100000 243 100000 190 100000 100000 266 192 272 273 100000 275 100 277 100000 196 281 100000 119 100000 278 255 100000 259 285 198 100000 100000 284 100000 100000 100000 287 100000 289 267 100000 290 293 202 204 
100000 31 42 100000 157 100000 205 156 100000 190 100000 100000 100000 100000 296 100000 154 100000 271 100000 100000 297 299 302 100000 305 100000 301 309 100000 313 100000 100000 317 100000 308 208 100000 100000 321 210 100000 100000 311 100000 325 100000 214 
100000 100000 68 100000 100000 170 100000 224 100000 100000 100000 100000 100000 279 329 100000 100000 100000 100000 100000 100000 100000 283 314 100000 291 333 100000 295 100000 100000 337 94 341 100000 320 345 100000 349 216 100000 100000 303 100000 63 100000 141 100000 
100000 100000 100000 100000 100000 100000 100000 100000 168 100000 100000 100000 100000 100000 100000 100000 100000 100000 307 323 100000 100000 100000 220 353 222 100000 100000 315 100000 326 332 100000 100000 319 357 150 100000 100000 100000 361 100000 100000 327 365 100000 100000 100000 
21 100000 105 132 100000 171 209 160 172 266 100000 279 100000 100000 335 24 226 100000 100000 331 339 100000 228 100000 343 369 347 100000 100000 232 100000 373 351 100000 100000 100000 100000 338 355 100000 234 100000 344 359 100000 238 100000 363 
20 50 109 129 100000 100000 200 225 253 192 296 329 100000 335 100000 240 100000 350 100000 100000 100000 100000 65 100000 100000 356 367 100000 100000 100000 100000 100000 100000 377 100000 244 371 136 100000 362 375 246 100000 100000 381 379 383 385 
25 100000 83 100000 100000 173 213 211 100000 272 100000 100000 100000 24 240 100000 100000 100000 387 100000 250 100000 389 252 256 100000 100000 391 393 100000 100000 258 262 100000 397 264 395 399 100000 401 100000 100000 100000 405 100000 100000 100000 368 
10 100000 100000 100000 100000 100000 100000 100000 100000 273 154 100000 100000 226 100000 100000 100000 374 100000 268 123 100000 100000 100000 270 100000 403 274 5 407 276 409 411 280 100000 282 413 100000 100000 100000 100000 286 100000 415 417 100000 111 380 
100000 100000 80 116 108 100000 130 100000 100000 100000 100000 100000 100000 100000 350 100000 374 100000 100000 386 100000 100000 421 419 100000 100000 100000 100000 392 425 100000 429 100000 433 288 292 437 441 398 100000 100000 423 404 100000 100000 427 100000 14 
100000 39 113 128 139 176 187 219 257 275 271 100000 307 100000 100000 387 100000 100000 100000 410 100000 416 422 431 294 435 100000 100000 127 428 439 445 100000 100000 298 443 300 100000 100000 100000 449 100000 100000 447 453 100000 100000 451 
12 100000 46 100000 100000 100000 100000 162 248 100 100000 100000 323 331 100000 100000 268 386 410 100000 434 304 100000 440 446 100000 452 455 306 100000 458 100000 457 100000 461 310 100000 100000 54 464 312 100000 465 467 469 100000 470 100000 
100000 100000 87 131 100000 100000 100000 100000 251 277 100000 100000 100000 339 100000 250 123 100000 100000 434 100000 100000 473 476 479 482 100000 459 100000 100000 463 100000 100000 100000 471 477 316 100000 100000 100000 100000 100000 100000 100000 100000 481 100000 485 
29 45 100000 133 161 124 100000 166 254 100000 297 100000 100000 100000 100000 100000 100000 100000 416 304 100000 100000 318 100000 475 100000 322 489 100000 100000 483 100000 100000 488 100000 43 100000 100000 100000 324 95 493 497 328 330 100000 100000 100000 
100000 100000 100000 100000 165 179 100000 229 174 196 299 283 100000 228 65 389 100000 421 422 100000 473 318 100000 487 100000 100000 100000 334 501 100000 336 100000 100000 491 100000 100000 106 340 100000 505 100000 146 509 495 494 100000 100000 100000 
100000 100000 91 137 158 182 138 233 260 281 302 314 220 100000 100000 252 100000 419 431 440 476 100000 487 100000 500 100000 499 100000 100000 81 342 100000 100000 346 100000 100000 513 503 100000 100000 100000 517 348 506 100000 100000 521 100000 
15 100000 99 78 100000 100000 203 100000 100000 100000 100000 100000 353 343 100000 256 270 100000 294 446 479 475 100000 500 100000 507 512 525 76 100000 352 100000 100000 511 100000 100000 100000 529 100000 100000 100000 533 100000 100000 537 541 515 354 
23 51 86 100000 112 177 33 100000 247 119 305 291 222 369 356 100000 100000 100000 435 100000 482 100000 100000 100000 507 100000 115 100000 519 100000 545 100000 100000 549 100000 518 523 527 524 531 100000 530 100000 100000 358 100000 553 535 
100000 100000 52 100000 100000 100000 195 223 100000 100000 100000 333 100000 347 367 100000 403 100000 100000 452 100000 322 100000 499 512 115 100000 100000 100000 539 100000 100000 543 536 542 548 551 557 561 547 100000 565 554 100000 100000 360 100000 560 
100000 100000 58 100000 151 181 142 100000 102 278 301 100000 100000 100000 100000 391 274 100000 100000 455 459 489 334 100000 525 100000 100000 100000 100000 563 100000 100000 100000 100000 364 566 100000 555 100000 366 100000 100000 11 100000 100000 121 569 370 
27 57 100000 100000 159 126 100000 100000 100000 255 309 295 315 100000 100000 393 5 392 127 306 100000 100000 501 100000 76 519 100000 100000 100000 572 100000 100000 100000 559 100000 573 577 100000 100000 48 575 567 571 578 100000 100000 581 585 
100000 73 100000 100000 100000 185 100000 100000 100000 100000 100000 100000 100000 232 100000 100000 407 425 428 100000 100000 100000 100000 81 100000 100000 539 563 572 100000 100000 100000 100000 584 100000 579 587 589 56 38 100000 590 100000 100000 100000 100000 583 591 
26 100000 92 82 164 189 7 227 178 259 313 100000 326 100000 100000 100000 276 100000 439 458 463 483 336 342 352 545 100000 100000 100000 100000 100000 100000 593 100000 597 601 596 100000 599 595 100000 372 100000 376 100000 603 100000 378 
32 77 100000 134 100000 100000 206 237 180 285 100000 337 332 373 100000 258 409 429 445 100000 100000 100000 100000 100000 100000 100000 100000 100000 100000 100000 100000 100000 100000 100000 602 69 605 607 382 609 384 613 617 388 100000 611 100000 615 
100000 34 100000 100000 163 100000 212 100000 263 198 100000 94 100000 351 100000 262 411 100000 100000 457 100000 100000 100000 100000 100000 100000 543 100000 100000 100000 593 100000 100000 608 614 100000 100000 619 620 623 626 390 629 394 100000 621 100000 625 
100000 55 60 100000 100000 147 100000 231 184 100000 317 341 100000 100000 377 100000 280 433 100000 100000 100000 488 491 346 511 549 536 100000 559 584 100000 100000 608 100000 100000 627 633 637 632 100000 641 100000 631 645 100000 100000 396 100000 
19 100000 117 88 122 193 100000 230 100000 100000 100000 100000 319 100000 100000 397 100000 288 298 461 471 100000 100000 100000 100000 100000 542 364 100000 100000 597 602 614 100000 100000 635 649 100000 100000 100000 100000 100000 2 638 653 100000 100000 100000 
18 100000 103 100000 114 100000 199 100000 186 284 308 320 357 100000 244 264 282 292 443 310 477 43 100000 100000 100000 518 548 566 573 579 601 69 100000 627 635 100000 100000 100000 400 100000 100000 657 100000 100000 100000 100000 402 661 
35 59 28 100000 100000 61 207 100000 261 100000 208 345 150 100000 371 395 413 437 300 100000 316 100000 106 513 100000 523 551 100000 577 587 596 605 100000 633 649 100000 100000 644 639 647 643 650 651 8 655 665 16 100000 
100000 100000 100000 100000 100000 188 100000 241 100000 100000 100000 100000 100000 338 136 399 100000 441 100000 100000 100000 100000 340 503 529 527 557 555 100000 589 100000 607 619 637 100000 100000 644 100000 100000 669 659 100000 100000 673 100000 406 100000 100000 
22 36 100000 140 100000 175 144 245 100000 100000 100000 349 100000 355 100000 100000 100000 398 100000 54 100000 100000 100000 100000 100000 524 561 100000 100000 56 599 382 620 632 100000 400 639 100000 100000 100000 100000 656 100000 100000 663 662 668 53 
100000 85 107 100000 100000 197 217 249 100000 287 321 216 100000 100000 362 401 100000 100000 100000 464 100000 324 505 100000 100000 531 547 366 48 38 595 609 623 100000 100000 100000 647 669 100000 100000 671 674 100000 667 677 100000 408 681 
100000 93 100000 145 100000 191 215 4 265 100000 210 100000 361 234 375 100000 100000 100000 449 312 100000 95 100000 100000 100000 100000 100000 100000 575 100000 100000 384 626 641 100000 100000 643 659 100000 671 100000 412 100000 685 100000 100000 680 100000 
41 67 98 143 100000 100000 100000 235 100000 289 100000 100000 100000 100000 246 100000 286 423 100000 100000 100000 493 146 517 533 530 565 100000 567 590 372 613 390 100000 100000 657 650 100000 656 674 412 100000 100000 675 100000 683 100000 100000 
100000 97 100000 149 167 183 100000 100000 100000 267 100000 303 100000 344 100000 100000 100000 404 100000 465 100000 497 509 348 100000 100000 554 11 571 100000 100000 617 629 631 2 100000 651 100000 100000 100000 100000 100000 100000 679 100000 414 100000 689 
100000 71 100000 100000 100000 100000 218 236 100000 100000 311 100000 327 359 100000 405 415 100000 447 467 100000 328 495 506 100000 100000 100000 100000 578 100000 376 388 394 645 638 100000 8 673 100000 667 685 675 679 100000 100000 686 100000 692 
100000 100000 64 100000 118 100000 221 239 100000 290 100000 63 365 100000 381 100000 417 100000 453 469 100000 330 494 100000 537 358 100000 100000 100000 100000 100000 100000 100000 100000 653 100000 655 100000 663 677 100000 100000 100000 100000 100000 100000 100000 100000 
100000 40 66 153 169 100000 100000 100000 269 293 325 100000 100000 238 379 100000 100000 427 100000 100000 481 100000 100000 100000 541 100000 360 121 100000 100000 603 611 621 100000 100000 100000 665 406 662 100000 100000 683 414 686 100000 100000 687 100000 
100000 62 100000 100000 120 100000 100000 242 100000 202 100000 141 100000 100000 383 100000 111 100000 100000 470 100000 100000 100000 521 515 553 100000 569 581 583 100000 100000 100000 396 100000 402 16 100000 668 408 680 100000 100000 100000 100000 687 100000 695 
44 100000 125 90 100000 100000 148 100000 100000 204 214 100000 100000 363 385 368 380 14 451 100000 485 100000 100000 100000 354 535 560 370 585 591 378 615 625 100000 100000 661 100000 100000 53 681 100000 100000 689 692 100000 100000 695 100000 
