60
100000 100000 100000 100000 100000 5 100000 7 9 11 100000 6 100000 100000 100000 10 21 12 100000 100000 100000 100000 100000 15 14 18 19 100000 100000 100000 100000 100000 100000 100000 100000 100000 23 29 100000 100000 100000 100000 22 100000 100000 100000 27 158 100000 100000 100000 100000 100000 31 100000 100000 32 35 100000 100000 
100000 100000 38 39 100000 100000 100000 100000 45 100000 43 100000 100000 47 49 24 51 100000 30 44 100000 53 100000 8 56 100000 100000 100000 100000 100000 100000 100000 46 100000 107 106 59 100000 34 100000 100000 100000 100000 55 100000 62 100000 57 61 65 100000 100000 69 73 100000 67 100000 36 100000 85 
100000 38 100000 100000 71 100000 100000 79 89 100000 93 100000 83 74 80 100000 100000 92 97 101 104 100000 110 116 40 119 100000 100000 122 131 109 87 137 100000 100000 100000 52 99 100000 100000 103 60 100000 64 100000 100000 66 100000 102 72 111 100000 76 121 129 115 100000 100000 100000 100000 
100000 39 100000 100000 117 133 100000 100000 123 82 100000 100000 84 135 100000 100000 100000 139 100000 48 100000 88 140 143 100000 100000 100000 100000 100000 146 145 149 151 100000 100000 100000 100000 100000 100000 100000 152 157 100000 100000 100000 161 155 165 90 100000 100000 100000 100000 100000 159 94 169 164 170 173 
100000 100000 71 117 100000 100000 171 100000 175 100000 179 100000 177 100000 100000 185 100000 100000 100000 100000 100000 182 100000 100000 100000 100000 100000 100000 193 100000 183 188 100000 100000 100000 191 200 100000 201 100000 187 100000 195 199 100000 100000 205 209 100000 213 203 100000 100000 217 100000 100000 100000 207 100000 100000 
5 100000 100000 133 100000 100000 100000 206 221 100000 100000 70 100000 211 212 225 100000 215 100000 100000 100000 96 219 223 100 108 100000 114 100000 100000 227 100000 100000 100000 118 229 124 100000 126 130 100000 138 100000 100000 100000 100000 100000 144 100000 150 100000 100000 100000 100000 233 100000 100000 100000 100000 100000 
100000 100000 100000 100000 171 100000 100000 100000 100000 100000 218 100000 231 100000 100000 154 235 100000 100000 224 237 239 160 100000 100000 162 100000 100000 241 230 245 236 100000 243 100000 100000 249 141 247 100000 100000 100000 251 100000 100000 166 100000 77 253 100000 255 257 100000 242 100000 100000 261 259 248 100000 
7 100000 79 100000 100000 206 100000 100000 100000 263 100000 168 265 254 174 100000 100000 100000 260 100000 100000 100000 269 267 271 266 100000 272 100000 100000 68 100000 178 100000 180 100000 273 275 100000 186 278 100000 100000 277 190 281 284 100000 100000 100000 100000 100000 100000 285 192 100000 100000 287 289 100000 
9 45 89 123 175 221 100000 100000 100000 196 290 279 153 198 293 100000 297 100000 100000 296 202 100000 100000 299 100000 100000 100000 100000 302 283 204 100000 208 210 100000 100000 100000 291 214 305 100000 100000 100000 295 301 100000 100000 95 308 100000 100000 309 313 100000 100000 311 100000 317 303 307 
11 100000 100000 82 100000 100000 100000 263 196 100000 314 100000 320 100000 216 75 220 100000 321 100000 222 100000 226 228 100000 315 100000 319 100000 232 100000 100000 234 100000 100000 100000 100000 323 238 100000 100000 240 325 100000 326 100000 100000 100000 100000 244 100000 100000 100000 329 100000 100000 246 250 100000 100000 
100000 43 93 100000 179 100000 218 100000 290 314 100000 100000 252 327 331 333 332 335 338 100000 337 256 100000 341 100000 100000 134 100000 100000 100000 100000 258 100000 339 343 345 349 100000 100000 347 100000 344 100000 350 100000 100000 353 357 100000 356 100000 359 262 100000 100000 264 100000 100000 268 351 
6 100000 100000 100000 100000 70 100000 168 279 100000 100000 100000 100000 100000 355 362 365 100000 361 369 270 100000 368 373 100000 100000 100000 100000 371 363 274 100000 377 276 374 100000 381 380 385 383 389 386 100000 100000 367 100000 375 100000 392 395 100000 98 100000 100000 379 387 391 398 100000 393 
100000 100000 83 84 177 100000 231 265 153 320 252 100000 100000 100000 100000 100000 280 100000 397 100000 100000 100000 100000 282 286 100000 401 405 399 403 100000 100000 100000 407 100000 404 100000 100000 100000 100000 409 410 413 417 100000 100000 100000 100000 100000 100000 100000 100000 288 421 100000 100000 100000 292 411 100000 
100000 47 74 135 100000 211 100000 254 198 100000 327 100000 100000 100000 100000 100000 416 425 429 419 100000 100000 100000 100000 100000 100000 100000 100000 100000 100000 294 100000 100000 422 100000 100000 100000 428 431 100000 100000 100000 100000 433 147 100000 434 415 437 100000 100000 100000 100000 298 441 100000 100000 100000 423 100000 
100000 49 80 100000 100000 212 100000 174 293 216 331 355 100000 100000 100000 100000 445 100000 100000 427 100000 300 435 100000 440 100000 100000 443 449 100000 100000 100000 100000 446 439 453 100000 100000 304 100000 452 100000 100000 455 458 100000 100000 306 447 132 120 457 310 100000 461 100000 465 312 451 459 
10 24 100000 100000 185 225 154 100000 100000 75 333 362 100000 100000 100000 100000 100000 100000 100000 100000 464 467 463 100000 100000 316 469 100000 100000 473 100000 100000 477 100000 100000 100000 100000 481 100000 100000 470 100000 100000 476 100000 471 479 485 482 13 100000 318 489 100000 322 488 493 100000 63 100000 
21 51 100000 100000 100000 100000 235 100000 297 220 332 365 280 416 445 100000 100000 497 324 328 20 330 501 100000 505 100000 28 491 494 475 483 334 509 100000 500 503 506 100000 100000 513 100000 100000 100000 100000 336 100000 487 100000 100000 100000 512 515 163 340 495 517 499 100000 100000 521 
12 100000 92 139 100000 215 100000 100000 100000 100000 335 100000 100000 425 100000 100000 497 100000 525 100000 100000 507 100000 511 529 518 533 342 524 100000 537 100000 527 519 530 100000 346 100000 100000 100000 523 100000 531 100000 541 100000 100000 100000 136 348 545 100000 100000 536 352 113 539 100000 100000 535 
100000 30 97 100000 100000 100000 100000 260 100000 321 338 361 397 429 100000 100000 324 525 100000 17 100000 100000 543 549 542 547 553 551 557 100000 548 100000 100000 354 100000 100000 100000 358 58 100000 100000 554 100000 560 100000 561 100000 360 100000 100000 100000 555 100000 100000 563 566 559 100000 565 127 
100000 44 101 48 100000 100000 224 100000 296 100000 100000 369 100000 419 427 100000 328 100000 17 100000 569 100000 567 100000 100000 100000 100000 100000 100000 100000 571 364 366 100000 573 572 575 100000 577 578 579 100000 100000 100000 100000 581 100000 100000 583 585 587 584 589 593 370 100000 597 601 590 596 
100000 100000 104 100000 100000 100000 237 100000 202 222 337 270 100000 100000 100000 464 20 100000 100000 569 100000 605 609 372 376 378 100000 591 382 100000 613 595 617 599 100000 621 100000 100000 100000 625 100000 629 633 100000 637 100000 384 100000 100000 100000 100000 100000 100000 388 100000 100000 100000 641 100000 100000 
100000 53 100000 88 182 96 239 100000 100000 100000 256 100000 100000 100000 300 467 330 507 100000 100000 605 100000 100000 390 602 645 394 649 100000 396 100000 100000 100000 608 611 100000 100000 603 100000 653 614 657 100000 607 400 620 100000 623 661 100000 402 615 626 665 619 100000 100000 627 172 100000 
100000 100000 110 140 100000 219 160 269 100000 226 100000 368 100000 100000 435 463 501 100000 543 567 609 100000 100000 669 100000 673 100000 631 100000 167 100000 100000 635 632 406 100000 100000 100000 100000 100000 638 100000 408 644 100000 100000 100000 100000 677 100000 639 643 100000 647 412 650 100000 100000 414 100000 
15 8 116 143 100000 223 100000 267 299 228 341 373 282 100000 100000 100000 100000 511 549 100000 372 390 669 100000 100000 100000 418 100000 651 100000 100000 81 656 100000 100000 100000 655 681 100000 100000 100000 685 659 420 689 100000 662 112 100000 663 668 424 426 693 100000 430 100000 697 432 671 
14 56 40 100000 100000 100 100000 271 100000 100000 100000 100000 286 100000 440 100000 505 529 542 100000 376 602 100000 100000 100000 100000 100000 100000 701 100000 100000 100000 705 709 713 674 100000 436 717 100000 100000 100000 721 680 100000 100000 105 100000 100000 100000 667 125 683 100000 686 100000 100000 100000 100000 100000 
18 100000 119 100000 100000 108 162 266 100000 315 100000 100000 100000 100000 100000 316 100000 518 547 100000 378 645 673 100000 100000 100000 725 100000 729 733 692 100000 675 100000 679 737 695 100000 100000 54 100000 687 100000 691 100000 698 438 100000 741 100000 704 707 442 100000 444 91 699 710 716 4 
19 100000 100000 100000 100000 100000 100000 100000 100000 100000 134 100000 401 100000 100000 469 28 533 553 100000 100000 394 100000 418 100000 725 100000 719 448 100000 722 100000 450 100000 100000 100000 26 454 456 100000 100000 100000 703 100000 100000 460 100000 462 728 731 734 100000 745 100000 466 711 100000 715 723 740 
100000 100000 100000 100000 100000 114 100000 272 100000 319 100000 100000 405 100000 443 100000 491 342 551 100000 591 649 631 100000 100000 100000 719 100000 727 743 100000 100000 100000 100000 749 735 746 468 472 752 755 100000 100000 176 100000 100000 753 100000 100000 100000 758 474 100000 100000 757 100000 478 100000 739 747 
100000 100000 122 100000 193 100000 241 100000 302 100000 100000 371 399 100000 449 100000 494 524 557 100000 382 100000 100000 651 701 729 448 727 100000 100000 761 100000 480 100000 765 484 100000 100000 100000 100000 100000 100000 769 773 777 181 751 781 764 486 100000 100000 759 763 767 771 490 785 100000 492 
100000 100000 131 146 100000 100000 230 100000 283 232 100000 363 403 100000 100000 473 475 100000 100000 100000 100000 396 167 100000 100000 733 100000 743 100000 100000 496 789 770 100000 776 775 100000 189 100000 779 100000 100000 782 100000 100000 783 787 791 793 100000 788 100000 100000 795 797 100000 100000 794 100000 100000 
100000 100000 109 145 183 227 245 68 204 100000 100000 274 100000 294 100000 100000 483 537 548 571 613 100000 100000 100000 100000 692 722 100000 761 496 100000 800 803 801 100000 806 799 805 809 807 812 811 41 815 498 813 818 817 100000 821 502 824 100000 827 100000 504 100000 508 100000 825 
100000 100000 87 149 188 100000 236 100000 100000 100000 258 100000 100000 100000 100000 100000 334 100000 100000 364 595 100000 100000 81 100000 100000 100000 100000 100000 789 800 100000 819 830 510 833 829 514 516 100000 520 100000 100000 100000 823 100000 522 836 837 100000 78 526 100000 841 197 831 839 100000 100000 100000 
100000 46 137 151 100000 100000 100000 178 208 234 100000 377 100000 100000 100000 477 509 527 100000 366 617 100000 635 656 705 675 450 100000 480 770 803 819 100000 100000 100000 100000 845 100000 100000 37 100000 100000 100000 100000 100000 100000 835 100000 100000 100000 100000 100000 842 100000 100000 100000 100000 100000 843 100000 
100000 100000 100000 100000 100000 100000 243 100000 210 100000 339 276 407 422 446 100000 100000 519 354 100000 599 608 632 100000 709 100000 100000 100000 100000 100000 801 830 100000 100000 100000 100000 100000 100000 848 851 854 528 42 100000 100000 532 100000 857 534 100000 538 100000 100000 847 100000 100000 849 540 100000 100000 
100000 107 100000 100000 100000 118 100000 180 100000 100000 343 374 100000 100000 439 100000 500 530 100000 573 100000 611 406 100000 713 679 100000 749 765 776 100000 510 100000 100000 100000 100000 100000 100000 860 100000 853 100000 855 863 861 100000 100000 544 100000 859 100000 865 100000 100000 100000 100000 866 867 100000 869 
100000 106 100000 100000 191 229 100000 100000 100000 100000 345 100000 404 100000 453 100000 503 100000 100000 572 621 100000 100000 100000 674 737 100000 735 484 775 806 833 100000 100000 100000 100000 100000 100000 100000 871 873 875 872 100000 877 881 885 100000 879 100000 100000 100000 883 878 884 887 890 889 100000 100000 
23 59 52 100000 200 124 249 273 100000 100000 349 381 100000 100000 100000 100000 506 346 100000 575 100000 100000 100000 655 100000 695 26 746 100000 100000 799 829 845 100000 100000 100000 100000 100000 546 100000 893 100000 50 128 891 100000 100000 100000 895 100000 25 897 901 100000 905 899 100000 194 100000 903 
29 100000 99 100000 100000 100000 141 275 291 323 100000 380 100000 428 100000 481 100000 100000 358 100000 100000 603 100000 681 436 100000 454 468 100000 189 805 514 100000 100000 100000 100000 100000 100000 100000 909 896 902 100000 100000 100000 913 100000 908 907 550 100000 911 915 552 556 558 100000 562 917 564 
100000 34 100000 100000 201 126 247 100000 214 238 100000 385 100000 431 304 100000 100000 100000 58 577 100000 100000 100000 100000 717 100000 456 472 100000 100000 809 516 100000 848 860 100000 546 100000 100000 919 100000 568 914 100000 570 100000 100000 100000 921 925 100000 100000 100000 574 923 100000 100000 100000 927 100000 
100000 100000 100000 100000 100000 130 100000 186 305 100000 347 383 100000 100000 100000 100000 513 100000 100000 578 625 653 100000 100000 100000 54 100000 752 100000 779 807 100000 37 851 100000 871 100000 909 919 100000 576 100000 100000 100000 929 100000 580 582 100000 586 100000 588 933 100000 592 920 594 598 100000 100000 
100000 100000 103 152 187 100000 100000 278 100000 100000 100000 389 409 100000 452 470 100000 523 100000 579 100000 614 638 100000 100000 100000 100000 755 100000 100000 812 520 100000 854 853 873 893 896 100000 576 100000 100000 926 86 100000 937 100000 100000 931 600 100000 935 100000 939 941 100000 100000 943 100000 945 
100000 100000 60 157 100000 138 100000 100000 100000 240 344 386 410 100000 100000 100000 100000 100000 554 100000 629 657 100000 685 100000 687 100000 100000 100000 100000 811 100000 100000 528 100000 875 100000 902 568 100000 100000 100000 604 100000 932 33 148 100000 100000 100000 100000 938 100000 100000 606 100000 100000 610 949 100000 
22 100000 100000 100000 195 100000 251 100000 100000 325 100000 100000 413 100000 100000 100000 100000 531 100000 100000 633 100000 408 659 721 100000 703 100000 769 782 41 100000 100000 42 855 872 50 100000 914 100000 926 604 100000 100000 612 947 951 944 100000 616 950 100000 953 955 957 961 100000 100000 618 622 
100000 55 64 100000 199 100000 100000 277 295 100000 350 100000 417 433 455 476 100000 100000 560 100000 100000 607 644 420 680 691 100000 176 773 100000 815 100000 100000 100000 863 100000 128 100000 100000 100000 86 100000 100000 100000 965 956 624 100000 100000 100000 100000 628 959 630 100000 100000 142 962 963 634 
100000 100000 100000 100000 100000 100000 100000 190 301 326 100000 367 100000 147 458 100000 336 541 100000 100000 637 400 100000 689 100000 100000 100000 100000 777 100000 498 823 100000 100000 861 877 891 100000 570 929 100000 932 612 965 100000 100000 100000 156 967 968 100000 969 971 973 975 100000 100000 636 640 974 
100000 62 100000 161 100000 100000 166 281 100000 100000 100000 100000 100000 100000 100000 471 100000 100000 561 581 100000 620 100000 100000 100000 698 460 100000 181 783 813 100000 100000 532 100000 881 100000 913 100000 100000 937 33 947 956 100000 100000 642 100000 100000 100000 100000 100000 100000 100000 977 100000 981 100000 100000 100000 
27 100000 66 155 205 100000 100000 284 100000 100000 353 375 100000 434 100000 479 487 100000 100000 100000 384 100000 100000 662 105 438 100000 753 751 787 818 522 835 100000 100000 885 100000 100000 100000 580 100000 148 951 624 100000 642 100000 646 100000 100000 985 648 989 100000 100000 16 652 100000 993 100000 
158 57 100000 165 209 144 77 100000 95 100000 357 100000 100000 415 306 485 100000 100000 360 100000 100000 623 100000 112 100000 100000 462 100000 781 791 817 836 100000 857 544 100000 100000 908 100000 582 100000 100000 944 100000 156 100000 646 100000 979 983 100000 654 100000 184 100000 100000 100000 980 100000 100000 
100000 61 102 90 100000 100000 253 100000 308 100000 100000 392 100000 437 447 482 100000 136 100000 583 100000 661 677 100000 100000 741 728 100000 764 793 100000 837 100000 534 100000 879 895 907 921 100000 931 100000 100000 100000 967 100000 100000 979 100000 100000 658 100000 987 991 100000 100000 100000 997 1001 1005 
100000 65 72 100000 213 150 100000 100000 100000 244 356 395 100000 100000 132 13 100000 348 100000 585 100000 100000 100000 663 100000 100000 731 100000 486 100000 821 100000 100000 100000 859 100000 100000 550 925 586 600 100000 616 100000 968 100000 100000 983 100000 100000 100000 986 660 100000 992 100000 995 664 100000 100000 
100000 100000 111 100000 203 100000 255 100000 100000 100000 100000 100000 100000 100000 120 100000 512 545 100000 587 100000 402 639 668 667 704 734 758 100000 788 502 78 100000 538 100000 100000 25 100000 100000 100000 100000 100000 950 100000 100000 100000 985 100000 658 100000 100000 666 100000 100000 100000 998 999 100000 100000 1004 
100000 100000 100000 100000 100000 100000 257 100000 309 100000 359 98 100000 100000 457 318 515 100000 555 584 100000 615 643 424 125 707 100000 474 100000 100000 824 526 100000 100000 865 100000 897 911 100000 588 935 938 100000 628 969 100000 648 654 100000 986 666 100000 670 100000 1007 1003 1009 100000 1010 1011 
100000 69 76 100000 100000 100000 100000 100000 313 100000 262 100000 288 100000 310 489 163 100000 100000 589 100000 626 100000 426 683 442 745 100000 759 100000 100000 100000 842 100000 100000 883 901 915 100000 933 100000 100000 953 959 971 100000 989 100000 987 660 100000 670 100000 100000 100000 1013 100000 100000 100000 1016 
31 73 121 100000 217 100000 242 285 100000 329 100000 100000 421 298 100000 100000 340 536 100000 593 388 665 647 693 100000 100000 100000 100000 763 795 827 841 100000 847 100000 878 100000 552 574 100000 939 100000 955 630 973 100000 100000 184 991 100000 100000 100000 100000 100000 1017 100000 672 100000 1019 1021 
100000 100000 129 159 100000 233 100000 192 100000 100000 100000 379 100000 441 461 322 495 352 563 370 100000 619 412 100000 686 444 466 757 767 797 100000 197 100000 100000 100000 884 905 556 923 592 941 606 957 100000 975 977 100000 100000 100000 992 100000 1007 100000 1017 100000 1015 100000 100000 1025 1029 
100000 67 115 94 100000 100000 100000 100000 311 100000 264 387 100000 100000 100000 488 517 113 566 100000 100000 100000 650 430 100000 91 711 100000 771 100000 504 831 100000 100000 100000 887 899 558 100000 920 100000 100000 961 100000 100000 100000 16 100000 100000 100000 998 1003 1013 100000 1015 100000 1022 1028 100000 1033 
32 100000 100000 169 100000 100000 261 100000 100000 246 100000 391 100000 100000 465 493 499 539 559 597 100000 100000 100000 100000 100000 699 100000 478 490 100000 100000 839 100000 849 866 890 100000 100000 100000 594 100000 100000 100000 142 100000 981 652 100000 100000 995 999 1009 100000 672 100000 1022 100000 100000 100000 1037 
35 36 100000 164 207 100000 259 287 317 250 100000 398 292 100000 312 100000 100000 100000 100000 601 641 627 100000 697 100000 710 715 100000 785 794 508 100000 100000 540 867 889 194 562 100000 598 943 610 100000 962 636 100000 100000 980 997 664 100000 100000 100000 100000 100000 1028 100000 100000 676 1041 
100000 100000 100000 170 100000 100000 248 289 303 100000 268 100000 411 423 451 63 100000 100000 565 590 100000 172 414 432 100000 716 723 739 100000 100000 100000 100000 843 100000 100000 100000 100000 917 927 100000 100000 949 618 963 640 100000 993 100000 1001 100000 100000 1010 100000 1019 1025 100000 100000 676 100000 100000 
100000 85 100000 173 100000 100000 100000 100000 307 100000 351 393 100000 100000 459 100000 521 535 127 596 100000 100000 100000 671 100000 4 740 747 492 100000 825 100000 100000 100000 869 100000 903 564 100000 100000 945 100000 622 634 974 100000 100000 100000 1005 100000 1004 1011 1016 1021 1029 1033 1037 1041 100000 100000 
