63
100000 8 100000 6 100000 9 100000 100000 11 13 100000 100000 100000 14 15 100000 100000 100000 100000 100000 100000 100000 19 26 29 21 100000 22 100000 25 100000 24 100000 45 27 39 49 32 30 100000 100000 34 53 100000 100000 100000 61 38 100000 100000 100000 36 43 156 40 100000 65 100000 100000 100000 44 73 100000 
8 100000 100000 47 77 56 100000 100000 100000 81 89 100000 93 105 100000 100000 100000 100000 100000 48 100000 33 51 58 62 100000 68 128 71 41 63 67 100000 42 100000 75 80 83 100000 87 100000 109 100000 100000 100000 100000 91 100000 100000 92 100000 72 78 98 100000 113 100000 100000 100000 82 94 100000 100000 
100000 100000 100000 107 100000 110 100000 100000 100000 121 99 100000 100000 100000 100000 153 100000 119 103 100 122 102 131 100000 100000 115 100000 100000 137 100000 100000 140 100000 143 149 100000 152 129 100000 158 100000 127 100000 133 100000 100000 100000 100000 141 100000 161 100000 100000 164 108 100000 114 100000 120 124 132 100000 135 
6 47 107 100000 145 167 170 100000 136 100000 100000 157 165 139 100000 147 100000 169 159 100000 144 64 148 160 100000 173 100000 162 163 171 100000 177 181 100000 100000 175 166 176 179 182 100000 185 188 191 189 100000 100000 100000 193 100000 100000 100000 100000 183 168 172 100000 100000 100000 100000 174 100000 100000 
100000 77 100000 145 100000 194 100000 100000 178 187 123 180 184 186 197 100000 100000 100000 200 190 195 192 196 198 100000 199 100000 201 100000 100000 100000 100000 203 205 202 100000 100000 206 100000 209 100000 212 100000 100000 100000 100000 213 207 100000 204 100000 217 100000 100000 221 225 229 208 100000 233 100000 100000 215 
9 56 110 167 194 100000 211 125 100000 100000 100000 100000 100000 100000 218 100000 100000 210 100000 100000 219 223 214 100000 227 100000 100000 224 237 216 241 100000 245 100000 151 100000 230 100000 100000 236 100000 100000 239 100000 249 100000 100000 253 100000 100000 100000 242 231 248 100000 257 220 100000 222 100000 100000 235 251 
100000 100000 100000 170 100000 211 100000 100000 226 100000 100000 100000 100000 243 100000 228 100000 100000 247 254 100000 100000 100000 100000 100000 261 118 59 260 263 100000 232 255 265 100000 100000 100000 266 100000 100000 100000 259 234 100000 269 238 240 267 272 100000 100000 275 100000 86 244 100000 100000 100000 278 281 100000 100000 271 
100000 100000 100000 100000 100000 125 100000 100000 100000 100000 273 284 100000 277 100000 100000 100000 246 100000 250 100000 252 279 283 100000 285 100000 287 100000 256 258 289 100000 262 264 100000 268 290 270 100000 100000 293 291 100000 100000 297 100000 100000 274 100000 295 100000 100000 100000 276 100000 100000 296 100000 301 100000 100000 100000 
11 100000 100000 136 178 100000 226 100000 100000 305 100000 299 309 100000 100000 302 100000 100000 308 311 100000 100000 100000 280 100000 23 303 100000 100000 100000 100000 313 314 307 100000 317 100000 100000 100000 100000 100000 320 323 326 100000 282 100000 321 329 315 100000 332 100000 335 100000 100000 100000 100000 325 12 100000 46 100000 
13 81 121 100000 187 100000 100000 100000 305 100000 338 319 327 100000 341 100000 333 337 100000 286 288 345 349 10 100000 100000 344 100000 100000 347 292 331 100000 350 100000 294 353 100000 339 298 343 356 359 100000 351 300 304 306 100000 100000 100000 100000 355 310 357 100000 100000 100000 361 312 100000 362 316 
100000 89 99 100000 123 100000 100000 273 100000 338 100000 100000 100000 100000 365 369 373 100000 318 363 100000 377 100000 100000 100000 100000 100000 381 100000 367 385 100000 100000 100000 100000 322 389 371 100000 100000 368 375 100000 100000 100000 379 100000 374 100000 383 100000 380 100000 100000 324 100000 100000 85 386 100000 328 392 100000 
100000 100000 100000 157 180 100000 100000 284 299 319 100000 100000 100000 100000 100000 100000 100000 393 100000 100000 397 100000 100000 100000 401 330 405 395 100000 387 100000 398 100000 404 407 410 100000 100000 100000 391 334 413 336 409 416 419 100000 422 100000 100000 155 425 417 100000 421 428 399 100000 100000 100000 431 434 437 
100000 93 100000 165 184 100000 100000 100000 309 327 100000 100000 100000 440 100000 100000 340 443 403 429 433 446 449 342 100000 441 346 348 352 354 445 358 100000 16 100000 100000 100000 100000 100000 453 100000 100000 360 55 411 100000 452 455 100000 100000 100000 458 100000 457 100000 364 415 423 100000 366 427 100000 100000 
14 105 100000 139 186 100000 243 277 100000 100000 100000 100000 440 100000 461 370 465 100000 100000 100000 100000 100000 435 439 100000 100000 100000 100000 372 376 469 447 378 150 100000 382 384 100000 464 451 100000 100000 100000 467 100000 100000 100000 100000 100000 473 100000 100000 100000 470 100000 100000 100000 477 57 100000 100000 388 100000 
15 100000 100000 100000 197 218 100000 100000 100000 341 365 100000 100000 461 100000 481 100000 390 100000 459 100000 476 394 100000 100000 100000 463 100000 154 100000 100000 396 100000 100000 100000 479 100000 482 400 402 100000 100000 485 406 489 493 408 412 100000 100000 414 100000 488 100000 471 100000 475 418 100000 100000 100000 100000 100000 
100000 100000 153 147 100000 100000 228 100000 302 100000 369 100000 100000 370 481 100000 483 497 487 501 420 424 100000 491 426 100000 100000 494 100000 100000 100000 500 503 100000 100000 495 100000 506 100000 100000 505 499 100000 100000 509 100000 513 507 100000 517 512 100000 515 521 100000 511 100000 430 106 525 529 100000 432 
100000 100000 100000 100000 100000 100000 100000 100000 100000 333 373 100000 340 465 100000 483 100000 436 438 442 100000 100000 100000 519 523 444 100000 518 527 524 100000 533 100000 448 531 100000 535 537 450 530 100000 100000 126 100000 541 100000 100000 454 545 456 100000 536 549 100000 100000 100000 460 100000 539 104 553 100000 100000 
100000 100000 119 169 100000 210 100000 246 100000 337 100000 393 443 100000 390 497 436 100000 100000 543 100000 100000 100000 100000 557 542 100000 548 100000 561 100000 551 462 554 547 565 560 563 100000 100000 555 569 100000 31 100000 559 100000 573 100000 567 100000 100000 100000 100000 100000 466 566 52 100000 74 571 100000 572 
100000 100000 103 159 200 100000 247 100000 308 100000 318 100000 403 100000 100000 487 438 100000 100000 100000 575 468 577 472 474 579 578 478 100000 581 584 100000 100000 587 100000 100000 100000 585 100000 583 100000 100000 589 100000 591 480 100000 593 100000 595 597 100000 100000 100000 590 100000 100000 90 599 100000 100000 100000 100000 
100000 48 100 100000 190 100000 254 250 311 286 363 100000 429 100000 459 501 442 543 100000 100000 100000 100000 100000 100000 596 601 100000 100000 100000 605 609 5 484 613 617 100000 603 100000 486 100000 490 621 492 100000 602 608 100000 100000 607 100000 100000 611 625 100000 614 100000 620 100000 100000 629 100000 633 496 
100000 100000 122 144 195 219 100000 100000 100000 288 100000 397 433 100000 100000 420 100000 100000 575 100000 100000 623 100000 498 626 502 100000 615 637 100000 619 632 635 100000 627 100000 631 100000 100000 641 639 100000 645 100000 116 504 649 100000 100000 100000 653 100000 100000 100000 638 100000 657 100000 643 644 100000 100000 661 
100000 33 102 64 192 223 100000 252 100000 345 377 100000 446 100000 476 424 100000 100000 468 100000 623 100000 665 508 100000 510 100000 647 650 100000 656 514 100000 651 669 655 516 100000 100000 111 100000 100000 673 100000 100000 520 37 659 100000 663 667 54 100000 100000 662 100000 100000 668 522 100000 671 677 681 
19 51 131 148 196 214 100000 279 100000 349 100000 100000 449 435 394 100000 100000 100000 577 100000 100000 665 100000 526 100000 100000 528 674 100000 100000 100000 675 100000 679 134 532 100000 685 100000 100000 100000 689 100000 534 100000 100000 100000 683 100000 100000 100000 100000 687 680 691 100000 7 100000 100000 693 686 100000 100000 
26 58 100000 160 198 100000 100000 283 280 10 100000 100000 342 439 100000 491 519 100000 472 100000 498 508 526 100000 100000 695 697 692 538 18 540 100000 544 100000 100000 100000 699 698 100000 546 100000 701 550 703 100000 705 707 552 100000 100000 100000 100000 100000 556 709 60 100000 100000 100000 713 100000 704 710 
29 62 100000 100000 100000 227 100000 100000 100000 100000 100000 401 100000 100000 100000 426 523 557 474 596 626 100000 100000 100000 100000 558 100000 100000 716 711 562 715 100000 717 721 719 723 722 100000 100000 100000 100000 564 100000 100000 725 100000 728 100000 727 729 731 733 142 734 737 568 570 740 574 743 100000 735 
21 100000 115 173 199 100000 261 285 23 100000 100000 330 441 100000 100000 100000 444 542 579 601 502 510 100000 695 558 100000 741 100000 576 100000 580 20 739 745 100000 747 100000 100000 749 100000 751 100000 753 100000 100000 100000 755 746 757 759 582 100000 586 752 100000 761 100000 588 592 758 594 763 764 
100000 68 100000 100000 100000 100000 118 100000 303 344 100000 405 346 100000 463 100000 100000 100000 578 100000 100000 100000 528 697 100000 741 100000 765 598 100000 100000 100000 767 100000 769 773 771 777 100000 100000 770 600 100000 775 100000 100000 100000 604 779 776 782 100000 100000 100000 100000 781 100000 785 100000 606 100000 100000 100000 
22 128 100000 162 201 224 59 287 100000 100000 381 395 348 100000 100000 494 518 548 478 100000 615 647 674 692 100000 100000 765 100000 100000 100000 783 100000 789 100000 788 100000 791 100000 787 610 612 100000 100000 100000 28 793 616 100000 100000 794 797 795 618 100000 800 100000 100000 622 801 799 805 809 100000 
100000 71 137 163 100000 237 260 100000 100000 100000 100000 100000 352 372 154 100000 527 100000 100000 100000 637 650 100000 538 716 576 598 100000 100000 100000 100000 803 624 628 100000 806 807 813 130 100000 100000 630 812 634 811 100000 100000 100000 815 100000 636 100000 100000 100000 100000 100000 100000 100000 100000 100000 817 818 100000 
25 41 100000 171 100000 216 263 256 100000 347 367 387 354 376 100000 100000 524 561 581 605 100000 100000 100000 18 711 100000 100000 100000 100000 100000 821 100000 824 100000 100000 819 100000 825 827 823 117 830 100000 100000 833 829 100000 100000 640 837 831 835 836 839 100000 100000 642 842 100000 841 100000 843 845 
100000 63 100000 100000 100000 241 100000 258 100000 292 385 100000 445 469 100000 100000 100000 100000 584 609 619 656 100000 540 562 580 100000 783 100000 821 100000 848 851 100000 100000 646 97 100000 849 100000 100000 648 100000 847 853 652 100000 69 857 861 654 855 100000 100000 100000 100000 854 100000 100000 860 863 100000 100000 
24 67 140 177 100000 100000 232 289 313 331 100000 398 358 447 396 500 533 551 100000 5 632 514 675 100000 715 20 100000 100000 803 100000 848 100000 100000 658 100000 100000 866 100000 865 100000 869 100000 872 660 100000 100000 100000 873 100000 100000 877 859 100000 100000 100000 100000 100000 100000 664 100000 666 100000 875 
100000 100000 100000 181 203 245 255 100000 314 100000 100000 100000 100000 378 100000 503 100000 462 100000 484 635 100000 100000 544 100000 739 767 789 624 824 851 100000 100000 867 100000 871 881 878 100000 884 670 100000 100000 100000 879 100000 100000 887 883 17 672 100000 100000 890 893 100000 885 889 100000 100000 896 100000 100000 
45 42 143 100000 205 100000 265 262 307 350 100000 404 16 150 100000 100000 448 554 587 613 100000 651 679 100000 717 745 100000 100000 628 100000 100000 658 867 100000 100000 891 676 899 678 100000 100000 895 897 100000 901 902 100000 905 682 100000 684 688 690 694 908 100000 100000 911 100000 100000 914 100000 696 
27 100000 149 100000 202 151 100000 264 100000 100000 100000 407 100000 100000 100000 100000 531 547 100000 617 627 669 134 100000 721 100000 769 788 100000 100000 100000 100000 100000 100000 100000 100000 100000 700 88 100000 100000 909 100000 100000 100000 702 100000 913 903 100000 95 917 706 921 907 915 708 919 712 923 100000 925 100000 
39 75 100000 175 100000 100000 100000 100000 317 294 322 410 100000 382 479 495 100000 565 100000 100000 100000 655 532 100000 719 747 773 100000 806 819 646 100000 871 891 100000 100000 920 926 100000 100000 714 100000 100000 929 932 100000 718 935 100000 720 100000 933 112 927 724 100000 726 100000 938 76 941 100000 100000 
49 80 152 166 100000 230 100000 268 100000 353 389 100000 100000 384 100000 100000 535 560 100000 603 631 516 100000 699 723 100000 771 791 807 100000 97 866 881 676 100000 920 100000 70 100000 100000 100000 944 100000 931 937 100000 730 100000 732 100000 100000 100000 945 736 96 947 950 100000 949 939 953 957 738 
32 83 129 176 206 100000 266 290 100000 100000 371 100000 100000 100000 482 506 537 563 585 100000 100000 100000 685 698 722 100000 777 100000 813 825 100000 100000 878 899 700 926 70 100000 961 956 965 969 959 742 943 100000 744 962 748 100000 100000 100000 973 951 100000 955 977 981 100000 100000 100000 750 100000 
30 100000 100000 179 100000 100000 100000 270 100000 339 100000 100000 100000 464 400 100000 450 100000 100000 486 100000 100000 100000 100000 100000 749 100000 787 130 827 849 865 100000 678 88 100000 100000 961 100000 100000 100000 754 100000 100000 756 968 985 100000 100000 100000 971 100000 760 963 974 967 762 766 980 989 100000 768 100000 
100000 87 158 182 209 236 100000 100000 100000 298 100000 391 453 451 402 100000 530 100000 583 100000 641 111 100000 546 100000 100000 100000 610 100000 823 100000 100000 884 100000 100000 100000 100000 956 100000 100000 100000 983 100000 993 100000 986 100000 100000 997 100000 100000 975 772 1001 100000 100000 1005 1009 100000 100000 1013 979 100000 
100000 100000 100000 100000 100000 100000 100000 100000 100000 343 368 334 100000 100000 100000 505 100000 555 100000 490 639 100000 100000 100000 100000 751 770 612 100000 117 100000 869 670 100000 100000 714 100000 965 100000 100000 100000 992 100000 100000 100000 774 778 995 780 100000 100000 100000 100000 987 998 100000 100000 100000 1017 100000 100000 100000 100000 
34 109 127 185 212 100000 259 293 320 356 375 413 100000 100000 100000 499 100000 569 100000 621 100000 100000 689 701 100000 100000 600 100000 630 830 648 100000 100000 895 909 100000 944 969 754 983 992 100000 1021 100000 991 100000 100000 1004 999 100000 100000 100000 1007 100000 100000 100000 100000 100000 100000 138 100000 100000 100000 
53 100000 100000 188 100000 239 234 291 323 359 100000 336 360 100000 485 100000 126 100000 589 492 645 673 100000 550 564 753 100000 100000 812 100000 100000 872 100000 897 100000 100000 100000 959 100000 100000 100000 1021 100000 1025 1003 784 786 100000 1010 100000 1029 100000 100000 1011 100000 100000 100000 100000 1016 100000 100000 100000 1019 
100000 100000 133 191 100000 100000 100000 100000 326 100000 100000 409 55 467 406 100000 100000 31 100000 100000 100000 100000 534 703 100000 100000 775 100000 634 100000 847 660 100000 100000 100000 929 931 742 100000 993 100000 100000 1025 100000 100000 790 100000 100000 100000 100000 1022 1015 100000 1023 100000 100000 100000 100000 100000 792 100000 1033 796 
100000 100000 100000 189 100000 249 269 100000 100000 351 100000 416 411 100000 489 509 541 100000 591 602 116 100000 100000 100000 100000 100000 100000 28 811 833 853 100000 879 901 100000 932 937 943 756 100000 100000 991 1003 100000 100000 100000 100000 100000 1027 100000 1031 100000 1037 100000 100000 100000 100000 100000 798 1028 100000 1041 100000 
100000 100000 100000 100000 100000 100000 238 297 282 300 379 419 100000 100000 493 100000 100000 559 480 608 504 520 100000 705 725 100000 100000 793 100000 829 652 100000 100000 902 702 100000 100000 100000 968 986 774 100000 784 790 100000 100000 1034 1035 100000 100000 84 100000 100000 100000 100000 100000 100000 802 100000 101 100000 804 100000 
61 91 100000 100000 213 100000 240 100000 100000 304 100000 100000 452 100000 408 513 100000 100000 100000 100000 649 37 100000 707 100000 755 100000 616 100000 100000 100000 100000 100000 100000 100000 718 730 744 985 100000 778 100000 786 100000 100000 1034 100000 100000 100000 1040 100000 100000 100000 100000 1043 1046 1039 100000 100000 100000 1045 1047 100000 
38 100000 100000 100000 207 253 267 100000 321 306 374 422 455 100000 412 507 454 573 593 100000 100000 659 683 552 728 746 604 100000 100000 100000 69 873 887 905 913 935 100000 962 100000 100000 995 1004 100000 100000 100000 1035 100000 100000 100000 100000 100000 100000 1049 808 1051 66 810 1052 100000 1055 1053 100000 100000 
100000 100000 141 193 100000 100000 272 274 329 100000 100000 100000 100000 100000 100000 100000 545 100000 100000 607 100000 100000 100000 100000 100000 757 779 100000 815 640 857 100000 883 682 903 100000 732 748 100000 997 780 999 1010 100000 1027 100000 100000 100000 100000 1057 1061 100000 814 100000 100000 1059 1058 1063 100000 100000 1065 1067 35 
100000 92 100000 100000 204 100000 100000 100000 315 100000 383 100000 100000 473 100000 517 456 567 595 100000 100000 663 100000 100000 727 759 776 794 100000 837 861 100000 17 100000 100000 720 100000 100000 100000 100000 100000 100000 100000 100000 100000 100000 1040 100000 1057 100000 100000 1064 1069 816 100000 820 1070 1073 100000 79 1071 100000 1076 
100000 100000 161 100000 100000 100000 100000 295 100000 100000 100000 155 100000 100000 414 512 100000 100000 597 100000 653 667 100000 100000 729 582 782 797 636 831 654 877 672 684 95 100000 100000 100000 971 100000 100000 100000 1029 1022 1031 84 100000 100000 1061 100000 100000 100000 100000 1079 100000 100000 1077 1082 100000 1085 100000 100000 822 
36 72 100000 100000 217 242 275 100000 332 100000 380 425 458 100000 100000 100000 536 100000 100000 611 100000 54 100000 100000 731 100000 100000 795 100000 835 855 859 100000 688 917 933 100000 100000 100000 975 100000 100000 100000 1015 100000 100000 100000 100000 100000 1064 100000 100000 100000 100000 100000 826 100000 828 1075 100000 1081 1083 50 
43 78 100000 100000 100000 231 100000 100000 100000 355 100000 417 100000 100000 488 515 549 100000 100000 625 100000 100000 687 100000 733 586 100000 618 100000 836 100000 100000 100000 690 706 112 945 973 760 772 100000 1007 100000 100000 1037 100000 100000 1049 814 1069 100000 100000 100000 100000 100000 1087 1088 832 100000 100000 100000 100000 1089 
156 98 164 183 100000 248 86 100000 335 310 100000 100000 457 470 100000 521 100000 100000 100000 100000 100000 100000 680 556 142 752 100000 100000 100000 839 100000 100000 890 694 921 927 736 951 963 1001 987 100000 1011 1023 100000 100000 100000 808 100000 816 1079 100000 100000 100000 100000 1093 1091 100000 100000 100000 834 838 840 
40 100000 108 168 221 100000 244 276 100000 357 324 421 100000 100000 471 100000 100000 100000 590 614 638 662 691 709 734 100000 100000 800 100000 100000 100000 100000 893 908 907 724 96 100000 974 100000 998 100000 100000 100000 100000 100000 1043 1051 100000 100000 100000 100000 100000 100000 100000 844 100000 100000 100000 1094 100000 1097 100000 
100000 113 100000 172 225 257 100000 100000 100000 100000 100000 428 364 100000 100000 511 100000 466 100000 100000 100000 100000 100000 60 737 761 781 100000 100000 100000 100000 100000 100000 100000 915 100000 947 955 967 100000 100000 100000 100000 100000 100000 100000 1046 66 1059 820 100000 826 1087 1093 844 100000 1101 1100 1095 1105 1099 100000 100000 
65 100000 114 100000 229 220 100000 100000 100000 100000 100000 399 415 100000 475 100000 460 566 100000 620 657 100000 7 100000 568 100000 100000 100000 100000 642 854 100000 885 100000 708 726 950 977 762 1005 100000 100000 100000 100000 100000 100000 1039 810 1058 1070 1077 100000 1088 1091 100000 1101 100000 100000 1103 1107 100000 1106 100000 
100000 100000 100000 100000 208 100000 100000 296 100000 100000 85 100000 423 477 418 430 100000 52 90 100000 100000 668 100000 100000 570 588 785 622 100000 842 100000 100000 889 911 919 100000 100000 981 766 1009 100000 100000 100000 100000 100000 802 100000 1052 1063 1073 1082 828 832 100000 100000 1100 100000 100000 100000 1109 100000 1112 100000 
100000 100000 120 100000 100000 222 278 100000 325 361 386 100000 100000 57 100000 106 539 100000 599 100000 643 522 100000 100000 740 592 100000 801 100000 100000 100000 664 100000 100000 712 938 949 100000 980 100000 1017 100000 1016 100000 798 100000 100000 100000 100000 100000 100000 1075 100000 100000 100000 1095 1103 100000 100000 1115 100000 846 100000 
100000 82 124 100000 233 100000 281 301 12 312 100000 100000 366 100000 100000 525 104 74 100000 629 644 100000 693 713 574 758 606 799 100000 841 860 100000 100000 100000 923 76 939 100000 989 100000 100000 138 100000 792 1028 101 100000 1055 100000 79 1085 100000 100000 100000 1094 1105 1107 1109 1115 100000 100000 1118 1121 
44 94 132 174 100000 100000 100000 100000 100000 100000 328 431 427 100000 100000 529 553 571 100000 100000 100000 671 686 100000 743 594 100000 805 817 100000 863 666 896 914 100000 941 953 100000 100000 1013 100000 100000 100000 100000 100000 100000 1045 1053 1065 1071 100000 1081 100000 834 100000 1099 100000 100000 100000 100000 100000 146 100000 
73 100000 100000 100000 100000 235 100000 100000 46 362 392 434 100000 388 100000 100000 100000 100000 100000 633 100000 677 100000 704 100000 763 100000 809 818 843 100000 100000 100000 100000 925 100000 957 750 768 979 100000 100000 100000 1033 1041 804 1047 100000 1067 100000 100000 1083 100000 838 1097 100000 1106 1112 846 1118 146 100000 1124 
100000 100000 135 100000 215 251 271 100000 100000 316 100000 437 100000 100000 100000 432 100000 572 100000 496 661 681 100000 710 735 764 100000 100000 100000 845 100000 875 100000 696 100000 100000 738 100000 100000 100000 100000 100000 1019 796 100000 100000 100000 100000 35 1076 822 50 1089 840 100000 100000 100000 100000 100000 1121 100000 1124 100000 
