66
100000 9 100000 6 100000 100000 100000 100000 100000 100000 100000 21 100000 33 7 11 14 10 100000 100000 12 37 100000 100000 100000 100000 100000 15 18 100000 100000 19 100000 41 100000 100000 100000 45 100000 49 26 32 189 53 100000 27 100000 100000 100000 31 100000 100000 61 100000 100000 100000 35 65 100000 43 24 100000 100000 100000 28 100000 
9 100000 38 44 51 55 56 100000 114 59 100000 100000 100000 69 100000 63 100000 67 77 68 81 100000 100000 85 100000 100000 100000 100000 100000 36 71 40 74 75 80 100000 83 79 100000 89 91 100000 100000 86 95 93 113 100000 100000 46 98 100000 100000 100000 117 100000 100000 100000 100000 100000 60 125 100000 100000 100000 100000 
100000 38 100000 99 103 48 54 58 100000 104 100000 107 64 100000 100000 100000 100000 110 100000 133 137 72 116 119 122 100000 100000 100000 111 100000 100000 100000 76 186 141 127 84 100000 100000 134 135 88 100000 140 100000 145 149 147 100000 100000 146 165 100000 169 151 100000 173 57 100000 159 152 90 100000 100000 100000 158 
6 44 99 100000 94 96 100000 177 100000 181 100000 100000 100 102 164 100000 185 167 106 193 100000 100000 108 112 197 176 100000 118 100000 179 100000 100000 100000 201 188 126 100000 130 100000 132 163 213 171 100000 191 100000 217 161 100000 100000 221 194 138 187 100000 100000 100000 100000 100000 203 195 142 100000 225 16 207 
100000 51 103 94 100000 100000 211 100000 100000 144 100000 100000 206 100000 100000 100000 100000 215 229 212 233 150 219 237 218 100000 100000 241 100000 100000 100000 245 100000 100000 100000 224 50 227 100000 223 249 253 154 100000 100000 100000 257 100000 131 100000 261 100000 100000 230 100000 231 236 235 100000 156 265 160 100000 239 100000 243 
100000 55 48 96 100000 100000 247 100000 100000 251 100000 255 259 100000 100000 100000 100000 100000 100000 100000 168 100000 100000 100000 172 174 178 100000 100000 263 100000 100000 267 100000 269 242 100000 100000 271 273 100000 100000 100000 100000 277 184 190 100000 281 100000 198 285 100000 100000 275 202 289 100000 279 100000 248 254 153 100000 100000 100000 
100000 56 54 100000 211 247 100000 283 204 260 287 100000 291 100000 293 297 100000 295 182 208 214 100000 266 301 216 305 299 100000 100000 100000 100000 100000 272 309 303 220 313 100000 100000 100000 307 100000 222 226 317 311 100000 315 100000 278 100000 100000 284 319 228 232 100000 100000 100000 234 100000 321 238 240 100000 100000 
100000 100000 58 177 100000 100000 283 100000 100000 325 244 246 100000 100000 323 100000 327 87 62 329 100000 331 290 250 333 296 337 302 109 308 100000 100000 314 320 100000 100000 100000 326 335 339 341 332 100000 100000 100000 338 345 100000 344 343 349 347 100000 350 252 100000 351 100000 353 355 357 100000 356 100000 256 359 
100000 114 100000 100000 100000 100000 204 100000 100000 100000 361 258 363 100000 100000 100000 362 100000 365 100000 368 100000 100000 369 371 100000 367 97 100000 100000 373 100000 100000 262 100000 264 377 381 100000 385 389 100000 375 374 100000 393 380 397 383 386 100000 268 379 392 401 395 100000 398 270 100000 100000 100000 100000 274 405 276 
100000 59 104 181 144 251 260 325 100000 100000 100000 100000 100000 387 280 100000 100000 100000 404 100000 100000 100000 100000 282 286 100000 100000 391 100000 288 100000 409 292 100000 407 100000 399 410 100000 403 100000 100000 100000 294 100000 100000 413 100000 205 100000 298 416 100000 300 411 304 306 100000 419 417 415 100000 310 312 421 425 
100000 100000 100000 100000 100000 100000 287 244 361 100000 100000 429 423 433 422 100000 437 100000 100000 100000 428 100000 100000 23 316 431 441 318 322 100000 445 434 449 427 100000 453 100000 100000 100000 100000 100000 100000 100000 100000 435 439 100000 100000 100000 440 100000 100000 100000 100000 8 100000 443 446 100000 100000 100000 452 455 457 100000 100000 
21 100000 107 100000 100000 255 100000 246 258 100000 429 100000 324 458 447 100000 461 328 100000 100000 100000 100000 100000 100000 330 464 100000 100000 465 100000 100000 100000 451 100000 128 100000 100000 469 100000 100000 100000 100000 467 473 459 334 100000 100000 463 336 100000 100000 477 100000 92 481 100000 485 470 489 340 100000 471 342 100000 100000 
100000 100000 64 100 206 259 291 100000 363 100000 423 324 100000 13 100000 493 100000 100000 476 100000 346 348 199 100000 352 70 100000 497 100000 100000 475 100000 100000 479 100000 100000 482 100000 100000 100000 488 491 100000 494 500 100000 100000 503 506 100000 483 509 100000 100000 487 354 100000 100000 100000 358 512 495 501 505 499 360 
33 69 100000 102 100000 100000 100000 100000 100000 387 433 458 13 100000 100000 100000 513 100000 507 100000 52 511 100000 100000 175 515 100000 100000 517 521 518 100000 100000 525 66 519 100000 364 100000 100000 100000 524 100000 100000 529 100000 100000 39 527 100000 530 100000 366 100000 100000 100000 100000 533 536 100000 100000 537 541 100000 539 100000 
7 100000 100000 164 100000 100000 293 323 100000 280 422 447 100000 100000 100000 100000 370 100000 542 100000 372 100000 376 100000 523 545 378 100000 100000 100000 531 100000 548 100000 100000 382 384 388 100000 100000 100000 100000 535 73 100000 551 100000 100000 100000 390 100000 100000 100000 100000 543 82 100000 100000 100000 100000 549 100000 547 554 557 100000 
11 63 100000 100000 100000 100000 297 100000 100000 100000 100000 100000 493 100000 100000 100000 394 396 560 553 561 100000 100000 565 100000 555 563 100000 569 100000 100000 100000 100000 400 100000 100000 100000 100000 100000 559 100000 567 100000 566 572 183 100000 100000 100000 573 100000 100000 571 402 100000 406 100000 100000 408 575 100000 100000 578 100000 100000 577 
14 100000 100000 185 100000 100000 100000 327 362 100000 437 461 100000 513 370 394 100000 100000 100000 581 412 579 584 414 587 590 100000 100000 585 418 589 420 180 583 100000 100000 100000 100000 424 426 100000 591 17 430 100000 432 100000 593 595 100000 100000 100000 597 599 601 100000 596 605 100000 100000 609 100000 100000 100000 613 100000 
10 67 110 167 215 100000 295 87 100000 100000 100000 328 100000 100000 100000 396 100000 100000 100000 436 603 100000 100000 100000 607 100000 100000 602 100000 438 611 100000 100000 608 615 100000 442 100000 444 100000 100000 100000 100000 100000 448 100000 617 621 100000 100000 619 105 100000 100000 100000 100000 623 100000 100000 100000 450 625 100000 629 100000 454 
100000 77 100000 106 229 100000 182 62 365 404 100000 100000 476 507 542 560 100000 100000 100000 100000 456 614 627 460 633 631 462 100000 635 100000 100000 620 100000 466 637 641 639 626 643 632 468 100000 472 645 647 649 638 651 100000 100000 653 657 474 100000 100000 478 100000 661 655 100000 100000 100000 644 100000 100000 100000 
100000 68 133 193 212 100000 208 329 100000 100000 100000 100000 100000 100000 100000 553 581 436 100000 100000 100000 100000 100000 100000 192 665 659 480 100000 669 100000 100000 484 486 650 100000 100000 100000 490 100000 100000 492 100000 100000 100000 100000 100000 100000 663 667 673 100000 100000 496 498 656 502 100000 100000 100000 662 100000 100000 504 677 508 
12 81 137 100000 233 168 214 100000 368 100000 428 100000 346 52 372 561 412 603 456 100000 100000 671 510 100000 681 668 674 100000 100000 100000 100000 42 100000 100000 680 139 100000 675 685 683 689 100000 693 100000 514 100000 679 686 100000 100000 100000 100000 697 687 516 100000 100000 100000 692 100000 691 100000 520 695 699 100000 
37 100000 72 100000 150 100000 100000 331 100000 100000 100000 100000 348 511 100000 100000 579 100000 614 100000 671 100000 701 705 698 196 100000 100000 522 100000 703 704 100000 709 526 100000 707 710 713 717 100000 721 528 711 100000 100000 532 715 100000 100000 100000 716 100000 100000 100000 100000 719 100000 725 723 100000 729 534 722 100000 100000 
100000 100000 116 108 219 100000 266 290 100000 100000 100000 100000 199 100000 376 100000 584 100000 627 100000 510 701 100000 100000 727 100000 100000 100000 100000 100000 538 733 100000 100000 100000 737 728 100000 100000 731 734 100000 540 740 544 100000 100000 100000 741 100000 735 100000 739 743 745 100000 100000 100000 749 100000 546 550 552 100000 100000 746 
100000 85 119 112 237 100000 301 250 369 282 23 100000 100000 100000 100000 565 414 100000 460 100000 100000 705 100000 100000 100000 100000 100000 100000 100000 100000 747 753 100000 100000 100000 100000 100000 100000 100000 100000 752 100000 755 100000 100000 751 556 757 759 100000 758 100000 100000 100000 100000 100000 558 761 764 100000 765 769 562 100000 100000 763 
100000 100000 122 197 218 172 216 333 371 286 316 330 352 175 523 100000 587 607 633 192 681 698 727 100000 100000 767 564 770 100000 100000 771 773 568 100000 775 100000 777 570 100000 100000 779 100000 100000 100000 100000 781 783 776 782 100000 100000 574 785 100000 100000 787 100000 100000 788 789 100000 100000 100000 100000 100000 791 
100000 100000 100000 176 100000 174 305 296 100000 100000 431 464 70 515 545 555 590 100000 631 665 668 196 100000 100000 767 100000 794 793 797 576 795 801 799 100000 100000 100000 580 805 582 100000 803 100000 100000 100000 100000 800 806 809 100000 807 100000 812 811 815 100000 100000 100000 586 100000 813 100000 100000 588 818 817 100000 
100000 100000 100000 100000 100000 178 299 337 367 100000 441 100000 100000 100000 378 563 100000 100000 462 659 674 100000 100000 100000 564 794 100000 821 100000 592 819 100000 100000 100000 100000 155 100000 100000 594 100000 824 100000 100000 100000 100000 827 100000 825 100000 823 829 831 833 100000 100000 830 100000 835 100000 836 100000 100000 837 841 839 842 
15 100000 100000 118 241 100000 100000 302 97 391 318 100000 497 100000 100000 100000 100000 602 100000 480 100000 100000 100000 100000 770 793 821 100000 100000 100000 845 843 849 853 100000 100000 598 857 600 100000 861 847 865 604 869 100000 100000 848 851 606 100000 873 100000 610 854 612 100000 100000 855 877 100000 100000 881 885 616 859 
18 100000 111 100000 100000 100000 100000 109 100000 100000 322 465 100000 517 100000 569 585 100000 635 100000 100000 522 100000 100000 100000 797 100000 100000 100000 863 121 100000 100000 100000 100000 100000 100000 100000 860 100000 889 893 100000 897 115 867 100000 618 100000 100000 100000 871 100000 100000 866 872 901 100000 875 100000 878 100000 100000 100000 100000 100000 
100000 36 100000 179 100000 263 100000 308 100000 288 100000 100000 100000 521 100000 100000 418 438 100000 669 100000 100000 100000 100000 100000 576 592 100000 863 100000 100000 622 905 100000 879 100000 170 883 100000 624 887 884 123 100000 891 100000 890 100000 895 899 100000 896 909 628 100000 100000 162 902 100000 100000 908 903 100000 913 630 907 
100000 71 100000 100000 100000 100000 100000 100000 373 100000 445 100000 475 518 531 100000 589 611 100000 100000 100000 703 538 747 771 795 819 845 121 100000 100000 917 100000 911 100000 100000 915 634 100000 100000 100000 34 100000 20 914 920 921 100000 100000 100000 100000 100000 636 100000 925 100000 919 100000 100000 100000 100000 100000 929 923 100000 926 
19 40 100000 100000 245 100000 100000 100000 100000 409 434 100000 100000 100000 100000 100000 420 100000 620 100000 42 704 733 753 773 801 100000 843 100000 622 917 100000 927 100000 100000 640 931 100000 933 935 937 100000 939 100000 932 100000 938 100000 100000 100000 941 100000 100000 30 642 100000 945 646 944 949 100000 100000 100000 648 652 100000 
100000 74 76 100000 100000 267 272 314 100000 292 449 451 100000 100000 548 100000 180 100000 100000 484 100000 100000 100000 100000 568 799 100000 849 100000 905 100000 927 100000 100000 953 100000 943 100000 947 950 654 100000 100000 100000 100000 956 100000 951 100000 955 957 658 959 660 100000 962 100000 664 666 100000 961 670 965 672 969 973 
41 75 186 201 100000 100000 309 320 262 100000 427 100000 479 525 100000 400 583 608 466 486 100000 709 100000 100000 100000 100000 100000 853 100000 100000 911 100000 100000 100000 100000 963 967 100000 977 100000 100000 100000 100000 100000 968 100000 100000 971 981 676 100000 100000 100000 678 975 100000 974 100000 682 100000 985 100000 979 989 5 983 
100000 80 141 188 100000 269 303 100000 100000 407 100000 128 100000 66 100000 100000 100000 615 637 650 680 526 100000 100000 775 100000 100000 100000 100000 879 100000 100000 953 100000 100000 987 684 100000 100000 991 993 100000 100000 100000 100000 980 100000 100000 100000 100000 986 997 129 688 992 995 100000 998 1001 100000 120 100000 690 100000 100000 1004 
100000 100000 127 126 224 242 220 100000 264 100000 453 100000 100000 519 382 100000 100000 100000 641 100000 139 100000 737 100000 100000 100000 155 100000 100000 100000 100000 640 100000 963 987 100000 100000 100000 100000 100000 100000 100000 100000 100000 694 100000 1007 999 100000 1003 1005 143 100000 100000 1010 1009 696 100000 1013 100000 100000 100000 100000 100000 100000 100000 
100000 83 84 100000 50 100000 313 100000 377 399 100000 100000 482 100000 384 100000 100000 442 639 100000 100000 707 728 100000 777 580 100000 598 100000 170 915 931 943 967 684 100000 100000 100000 100000 700 1011 1017 1021 1015 1025 100000 1029 100000 100000 1033 100000 1019 100000 100000 100000 100000 1023 100000 100000 1037 100000 157 100000 100000 100000 29 
45 79 100000 130 227 100000 100000 326 381 410 100000 469 100000 364 388 100000 100000 100000 626 100000 675 710 100000 100000 570 805 100000 857 100000 883 634 100000 100000 100000 100000 100000 100000 100000 100000 100000 1016 1027 100000 100000 1031 1041 1035 100000 1039 209 100000 1043 1045 1049 100000 100000 100000 1053 1047 100000 100000 100000 100000 100000 100000 100000 
100000 100000 100000 100000 100000 271 100000 335 100000 100000 100000 100000 100000 100000 100000 100000 424 444 643 490 685 713 100000 100000 100000 582 594 600 860 100000 100000 933 947 977 100000 100000 100000 100000 100000 1057 1051 702 1055 1059 706 47 100000 100000 1022 708 1028 1034 1061 100000 1065 1040 712 100000 1069 100000 1073 1046 1077 1052 100000 714 
49 89 134 132 223 273 100000 339 385 403 100000 100000 100000 100000 100000 559 426 100000 632 100000 683 717 731 100000 100000 100000 100000 100000 100000 624 100000 935 950 100000 991 100000 700 100000 1057 100000 100000 100000 100000 100000 718 78 100000 148 100000 100000 1058 100000 100000 100000 720 1081 1063 1067 100000 100000 1064 724 1085 1089 100000 100000 
26 91 135 163 249 100000 307 341 389 100000 100000 100000 488 100000 100000 100000 100000 100000 468 100000 689 100000 734 752 779 803 824 861 889 887 100000 937 654 100000 993 100000 1011 1016 1051 100000 100000 210 1093 100000 100000 100000 100000 100000 1070 726 1076 730 732 1079 1097 1101 1071 1082 1105 736 738 100000 1075 100000 100000 742 
32 100000 88 213 253 100000 100000 332 100000 100000 100000 100000 491 524 100000 567 591 100000 100000 492 100000 721 100000 100000 100000 100000 100000 847 893 884 34 100000 100000 100000 100000 100000 1017 1027 702 100000 210 100000 744 100000 100000 100000 1109 100000 1083 748 1088 100000 1091 100000 100000 1094 1113 100000 1100 100000 100000 1087 100000 1117 100000 1095 
189 100000 100000 171 154 100000 222 100000 375 100000 100000 467 100000 100000 535 100000 17 100000 472 100000 693 528 540 755 100000 100000 100000 865 100000 123 100000 939 100000 100000 100000 100000 1021 100000 1055 100000 1093 744 100000 750 100000 100000 1103 754 756 100000 22 1106 100000 760 100000 1099 1107 100000 1111 1115 1112 100000 100000 124 1121 762 
53 86 140 100000 100000 100000 226 100000 374 294 100000 473 494 100000 73 566 430 100000 645 100000 100000 711 740 100000 100000 100000 100000 604 897 100000 20 100000 100000 100000 100000 100000 1015 100000 1059 100000 100000 100000 750 100000 766 100000 1118 1124 100000 100000 136 100000 100000 100000 1119 100000 1125 1127 1129 100000 100000 100000 1123 1133 100000 1130 
100000 95 100000 191 100000 277 317 100000 100000 100000 435 459 500 529 100000 572 100000 448 647 100000 514 100000 544 100000 100000 100000 100000 869 115 891 914 932 100000 968 100000 694 1025 1031 706 718 100000 100000 100000 766 100000 1136 100000 1139 1142 200 100000 1137 1145 1131 100000 1135 100000 100000 100000 100000 100000 1141 1149 100000 1143 1147 
27 93 145 100000 100000 184 311 338 393 100000 439 334 100000 100000 551 183 432 100000 649 100000 100000 100000 100000 751 781 800 827 100000 867 100000 920 100000 956 100000 980 100000 100000 1041 47 78 100000 100000 100000 100000 1136 100000 768 100000 100000 100000 1153 1148 1151 1155 1157 100000 100000 1154 100000 100000 100000 1160 772 100000 1161 1163 
100000 113 149 217 257 190 100000 345 380 413 100000 100000 100000 100000 100000 100000 100000 617 638 100000 679 532 100000 556 783 806 100000 100000 100000 890 921 938 100000 100000 100000 1007 1029 1035 100000 100000 100000 1109 1103 1118 100000 768 100000 100000 100000 100000 1165 1166 100000 100000 1159 774 100000 100000 1169 1172 100000 101 1175 1167 1178 100000 
100000 100000 147 161 100000 100000 315 100000 397 100000 100000 100000 503 39 100000 100000 593 621 651 100000 686 715 100000 757 776 809 825 848 618 100000 100000 100000 951 971 100000 999 100000 100000 100000 148 100000 100000 754 1124 1139 100000 100000 100000 1171 778 100000 100000 1181 1173 100000 1177 100000 780 100000 1179 1185 1184 100000 100000 1187 1190 
100000 100000 100000 100000 131 281 100000 344 383 205 100000 463 506 527 100000 100000 595 100000 100000 663 100000 100000 741 759 782 100000 100000 851 100000 895 100000 100000 100000 981 100000 100000 100000 1039 1022 100000 1070 1083 756 100000 1142 100000 100000 1171 100000 100000 784 100000 786 1193 1196 100000 100000 100000 100000 1189 1197 100000 1201 100000 790 100000 
31 46 100000 100000 100000 100000 278 343 386 100000 440 336 100000 100000 390 573 100000 100000 100000 667 100000 100000 100000 100000 100000 807 823 606 100000 899 100000 100000 955 676 100000 1003 1033 209 708 100000 726 748 100000 100000 200 100000 100000 778 100000 100000 1205 100000 1183 1199 1209 1213 100000 792 100000 1191 1217 796 1202 100000 1195 1203 
100000 98 146 221 261 198 100000 349 100000 298 100000 100000 483 530 100000 100000 100000 619 653 673 100000 100000 735 758 100000 100000 829 100000 100000 100000 100000 941 957 100000 986 1005 100000 100000 1028 1058 1076 1088 22 136 100000 1153 1165 100000 784 1205 100000 1208 1207 798 100000 100000 1211 100000 802 166 100000 100000 100000 100000 100000 100000 
100000 100000 165 194 100000 285 100000 347 268 416 100000 100000 509 100000 100000 100000 100000 105 657 100000 100000 716 100000 100000 574 812 831 873 871 896 100000 100000 658 100000 997 143 1019 1043 1034 100000 730 100000 1106 100000 1137 1148 1166 100000 100000 100000 1208 100000 1214 1215 804 100000 100000 1219 25 1221 1223 1225 1220 1229 100000 100000 
61 100000 100000 138 100000 100000 284 100000 379 100000 100000 477 100000 366 100000 571 597 100000 474 100000 697 100000 739 100000 785 811 833 100000 100000 909 636 100000 959 100000 129 100000 100000 1045 1061 100000 732 1091 100000 100000 1145 1151 100000 1181 786 1183 1207 1214 100000 808 100000 100000 100000 100000 100000 810 100000 1233 100000 1237 1227 100000 
100000 100000 169 187 230 100000 319 350 392 300 100000 100000 100000 100000 100000 402 599 100000 100000 496 687 100000 743 100000 100000 815 100000 610 100000 628 100000 30 660 678 688 100000 100000 1049 100000 100000 1079 100000 760 100000 1131 1155 100000 1173 1193 1199 798 1215 808 100000 100000 814 1231 100000 1241 1235 1245 1226 100000 1232 1238 1239 
100000 117 151 100000 100000 275 228 252 401 411 8 92 487 100000 543 100000 601 100000 100000 498 516 100000 745 100000 100000 100000 100000 854 866 100000 925 642 100000 975 992 1010 100000 100000 1065 720 1097 100000 100000 1119 100000 1157 1159 100000 1196 1209 100000 804 100000 100000 100000 100000 816 100000 1249 100000 100000 100000 100000 1244 100000 1253 
100000 100000 100000 100000 231 202 232 100000 395 304 100000 481 354 100000 82 406 100000 100000 478 656 100000 100000 100000 100000 787 100000 830 612 872 100000 100000 100000 962 100000 995 1009 100000 100000 1040 1081 1101 1094 1099 100000 1135 100000 774 1177 100000 1213 100000 100000 100000 814 100000 100000 100000 100000 100000 100000 1243 820 1247 100000 100000 1257 
35 100000 173 100000 236 289 100000 351 100000 306 443 100000 100000 100000 100000 100000 596 623 100000 502 100000 719 100000 558 100000 100000 100000 100000 901 162 919 945 100000 974 100000 696 1023 100000 712 1063 1071 1113 1107 1125 100000 100000 100000 100000 100000 100000 1211 100000 100000 1231 816 100000 100000 822 826 1261 100000 828 1265 100000 100000 100000 
65 100000 57 100000 235 100000 100000 100000 398 100000 446 485 100000 533 100000 100000 605 100000 661 100000 100000 100000 100000 761 100000 586 835 100000 100000 902 100000 646 664 100000 998 100000 100000 1053 100000 1067 1082 100000 100000 1127 100000 1154 100000 780 100000 792 100000 1219 100000 100000 100000 100000 822 100000 100000 1251 100000 100000 100000 100000 100000 1269 
100000 100000 100000 100000 100000 279 100000 353 270 419 100000 470 100000 536 100000 408 100000 100000 655 100000 692 725 749 764 788 100000 100000 855 875 100000 100000 944 666 682 1001 1013 100000 1047 1069 100000 1105 1100 1111 1129 100000 100000 1169 100000 100000 100000 802 25 100000 1241 1249 100000 826 100000 100000 100000 1273 100000 832 100000 1277 1250 
43 100000 159 203 156 100000 234 355 100000 417 100000 489 358 100000 100000 575 100000 100000 100000 100000 100000 723 100000 100000 789 813 836 877 100000 100000 100000 949 100000 100000 100000 100000 1037 100000 100000 100000 736 100000 1115 100000 100000 100000 1172 1179 1189 1191 166 1221 810 1235 100000 100000 1261 1251 100000 100000 100000 100000 834 100000 838 100000 
24 60 152 195 265 248 100000 357 100000 415 100000 340 512 100000 549 100000 609 450 100000 662 691 100000 546 765 100000 100000 100000 100000 878 908 100000 100000 961 985 120 100000 100000 100000 1073 1064 738 100000 1112 100000 100000 100000 100000 1185 1197 1217 100000 1223 100000 1245 100000 1243 100000 100000 1273 100000 100000 1256 1255 100000 100000 1281 
100000 125 90 142 160 254 321 100000 100000 100000 452 100000 495 537 100000 100000 100000 625 100000 100000 100000 729 550 769 100000 100000 100000 100000 100000 903 100000 100000 670 100000 100000 100000 157 100000 1046 724 100000 1087 100000 100000 1141 1160 101 1184 100000 796 100000 1225 1233 1226 100000 820 828 100000 100000 100000 1256 100000 840 1285 100000 844 
100000 100000 100000 100000 100000 153 238 356 100000 310 455 471 501 541 547 578 100000 100000 644 100000 520 534 552 562 100000 588 837 881 100000 100000 929 100000 965 979 690 100000 100000 100000 1077 1085 1075 100000 100000 1123 1149 772 1175 100000 1201 1202 100000 1220 100000 100000 100000 1247 1265 100000 832 834 1255 840 100000 100000 1259 100000 
100000 100000 100000 225 239 100000 240 100000 274 312 457 342 505 100000 554 100000 100000 629 100000 504 695 722 100000 100000 100000 818 841 885 100000 913 923 648 672 989 100000 100000 100000 100000 1052 1089 100000 1117 124 1133 100000 100000 1167 100000 100000 100000 100000 1229 1237 1232 1244 100000 100000 100000 100000 100000 100000 1285 100000 100000 1262 1263 
28 100000 100000 16 100000 100000 100000 256 405 421 100000 100000 499 539 557 100000 613 100000 100000 677 699 100000 100000 100000 100000 817 839 616 100000 630 100000 652 969 5 100000 100000 100000 100000 100000 100000 100000 100000 1121 100000 1143 1161 1178 1187 790 1195 100000 100000 1227 1238 100000 100000 100000 100000 1277 838 100000 100000 1259 1262 100000 100000 
100000 100000 158 207 243 100000 100000 359 276 425 100000 100000 360 100000 100000 577 100000 454 100000 508 100000 100000 746 763 791 100000 842 859 100000 907 926 100000 973 983 1004 100000 29 100000 714 100000 742 1095 762 1130 1147 1163 100000 1190 100000 1203 100000 100000 100000 1239 1253 1257 100000 1269 1250 100000 1281 844 100000 1263 100000 100000 
