69
100000 5 100000 13 21 100000 7 100000 100000 100000 11 14 20 29 15 100000 100000 25 32 35 100000 100000 100000 100000 100000 100000 10 33 100000 100000 16 100000 100000 37 18 22 38 27 31 41 50 45 100000 57 56 69 100000 24 191 59 100000 100000 62 100000 100000 73 100000 43 77 100000 100000 51 100000 100000 55 68 28 100000 36 
5 100000 100000 100000 63 100000 71 81 100000 100000 40 100000 74 79 83 100000 100000 100000 100000 100000 100000 42 85 100000 100000 100000 87 100000 89 93 100000 100000 92 100000 100000 100000 100000 98 46 100000 97 100000 105 100000 100000 107 110 99 100000 100000 100000 54 206 100000 113 116 64 39 100000 66 111 100000 117 100000 100000 100000 100000 119 76 
100000 100000 100000 122 78 121 100000 125 84 100000 100000 100000 100000 88 133 100000 100000 100000 100000 123 100000 100000 100000 90 94 141 131 149 100000 100000 100000 100000 153 128 100000 157 100000 100000 100000 135 100000 100 134 100000 102 139 100000 106 100000 161 100000 100000 108 143 146 100000 100000 155 158 53 82 114 100000 100000 164 170 147 100000 100000 
13 100000 122 100000 151 173 165 159 118 177 126 100000 100000 100000 171 100000 181 75 185 189 193 197 100000 100000 136 100000 100000 100000 199 201 100000 100000 205 176 203 100000 209 100000 100000 49 213 100000 100000 211 100000 217 221 100000 215 182 100000 100000 138 188 100000 100000 100000 100000 225 142 100000 229 233 194 100000 150 154 100000 162 
21 63 78 151 100000 132 237 241 100000 219 100000 218 245 223 224 227 100000 100000 100000 100000 166 100000 249 100000 100000 100000 168 100000 100000 100000 100000 172 231 100000 253 230 236 257 261 100000 235 178 265 100000 100000 100000 180 239 100000 100000 242 248 100000 251 269 243 80 100000 254 100000 100000 100000 184 100000 100000 273 277 281 100000 
100000 100000 121 173 132 100000 285 100000 247 100000 186 100000 260 100000 100000 192 255 263 100000 100000 100000 100000 259 100000 100000 289 100000 267 196 266 100000 100000 100000 100000 100000 293 297 198 301 100000 100000 272 100000 100000 100000 204 100000 208 305 275 214 309 100000 313 271 216 100000 220 100000 222 100000 100000 100000 278 317 100000 100000 100000 279 
7 71 100000 165 237 285 100000 100000 100000 226 321 100000 100000 100000 284 100000 60 228 100000 100000 100000 232 287 234 100000 325 238 283 240 100000 100000 329 100000 290 291 295 100000 100000 299 296 100000 100000 244 333 302 212 100000 100000 337 130 246 308 100000 100000 100000 341 250 311 100000 100000 314 252 256 100000 303 100000 307 320 345 
100000 81 125 159 241 100000 100000 100000 100000 100000 100000 100000 100000 100000 323 100000 326 100000 315 332 258 100000 100000 262 319 100000 9 349 100000 100000 335 353 67 100000 100000 100000 357 327 331 100000 264 338 361 339 365 344 100000 100000 100000 347 100000 343 369 100000 100000 100000 350 351 356 359 268 355 100000 100000 100000 363 362 100000 100000 
100000 100000 84 118 100000 247 100000 100000 100000 100000 368 100000 100000 367 100000 371 373 374 100000 100000 112 100000 100000 115 375 377 100000 380 100000 379 381 100000 385 383 100000 270 389 274 100000 17 276 100000 100000 100000 280 100000 100000 100000 100000 282 393 100000 100000 100000 397 100000 101 100000 100000 100000 401 386 100000 100000 286 288 100000 100000 100000 
100000 100000 100000 177 219 100000 226 100000 100000 100000 100000 100000 292 405 100000 294 100000 100000 100000 100000 392 409 100000 100000 298 100000 413 100000 100000 100000 417 100000 100000 100000 387 100000 421 100000 391 100000 100000 100000 395 100000 100000 398 404 399 425 300 100000 183 403 407 100000 410 429 416 100000 100000 304 100000 100000 100000 100000 433 100000 306 100000 
11 40 100000 126 100000 186 321 100000 368 100000 100000 419 437 100000 441 445 100000 449 100000 100000 422 100000 428 100000 100000 100000 100000 100000 100000 100000 100000 431 100000 100000 453 100000 100000 457 100000 310 100000 127 100000 434 461 100000 440 312 443 446 100000 316 452 455 100000 465 100000 100000 100000 100000 100000 318 100000 100000 411 322 100000 324 328 
14 100000 100000 100000 218 100000 100000 100000 100000 100000 419 100000 100000 469 415 100000 473 423 100000 100000 458 427 100000 435 100000 439 152 100000 100000 477 464 100000 481 485 330 100000 334 100000 489 100000 100000 447 493 100000 336 451 497 340 100000 467 501 342 100000 459 100000 100000 470 100000 100000 346 476 348 100000 352 463 354 479 100000 100000 
20 74 100000 100000 245 260 100000 100000 100000 292 437 100000 100000 505 100000 358 100000 509 100000 100000 100000 360 100000 100000 482 471 488 364 100000 366 475 483 487 100000 100000 100000 144 491 513 100000 100000 495 207 100000 517 100000 100000 100000 370 521 499 525 100000 529 100000 503 372 100000 100000 494 100000 100000 376 500 100000 100000 100000 100000 506 
29 79 88 100000 223 100000 100000 100000 367 405 100000 469 505 100000 533 100000 100000 100000 512 100000 507 537 378 511 26 100000 382 515 100000 519 384 523 527 100000 100000 388 100000 531 535 100000 541 100000 518 390 100000 394 100000 396 539 100000 400 100000 100000 545 100000 100000 100000 100000 100000 100000 524 100000 530 402 406 408 100000 100000 549 
15 83 133 171 224 100000 284 323 100000 100000 441 415 100000 533 100000 412 100000 100000 414 100000 418 100000 543 100000 100000 100000 100000 420 100000 547 551 424 536 100000 100000 553 542 100000 100000 557 555 426 100000 179 100000 100000 100000 430 432 100000 100000 559 561 548 565 436 100000 554 100000 563 567 569 100000 100000 100000 100000 100000 100000 560 
100000 100000 100000 100000 227 192 100000 100000 371 294 445 100000 358 100000 412 100000 100000 100000 571 573 100000 566 572 100000 100000 100000 438 575 34 95 100000 577 581 578 100000 585 100000 584 589 587 100000 100000 593 100000 442 590 100000 100000 444 100000 100000 100000 100000 448 100000 100000 579 100000 596 100000 100000 100000 100000 583 597 100000 100000 100000 601 
100000 100000 100000 181 100000 255 60 326 373 100000 100000 473 100000 100000 100000 100000 100000 100000 450 591 454 100000 100000 100000 100000 456 100000 595 605 599 100000 602 100000 460 603 608 100000 609 100000 100000 100000 462 611 614 100000 100000 100000 19 466 617 468 620 100000 100000 100000 607 472 613 615 100000 100000 100000 474 619 621 61 623 100000 100000 
25 100000 100000 75 100000 263 228 100000 374 100000 449 423 509 100000 100000 100000 100000 100000 100000 100000 100000 625 629 100000 100000 633 100000 626 100000 100000 100000 637 478 100000 480 175 632 627 100000 100000 484 100000 100000 486 8 641 100000 631 645 635 100000 100000 100000 649 490 639 100000 653 657 100000 100000 638 492 496 100000 643 100000 48 647 
32 100000 100000 185 100000 100000 100000 315 100000 100000 100000 100000 100000 512 414 571 450 100000 100000 644 651 100000 661 100000 100000 650 100000 655 659 100000 665 70 663 100000 667 100000 498 669 100000 502 100000 504 673 671 100000 100000 656 100000 100000 508 677 662 100000 681 685 100000 100000 510 100000 100000 100000 100000 514 100000 675 100000 668 679 100000 
35 100000 123 189 100000 100000 100000 332 100000 100000 100000 100000 100000 100000 100000 573 591 100000 644 100000 516 100000 520 689 683 522 693 674 100000 100000 104 100000 687 697 100000 680 100000 701 100000 100000 12 100000 526 686 100000 100000 100000 100000 691 692 100000 695 528 705 699 100000 703 698 707 709 713 100000 704 100000 532 100000 100000 710 717 
100000 100000 100000 193 166 100000 100000 258 112 392 422 458 100000 507 418 100000 454 100000 651 516 100000 534 100000 100000 100000 721 100000 100000 725 100000 538 96 100000 100000 100000 711 716 100000 100000 719 100000 729 100000 100000 100000 540 100000 100000 722 100000 120 100000 100000 715 100000 733 728 100000 100000 544 546 100000 100000 100000 731 734 100000 100000 100000 
100000 42 100000 197 100000 100000 232 100000 100000 409 100000 427 360 537 100000 566 100000 625 100000 100000 534 100000 100000 100000 100000 737 100000 740 100000 100000 100000 100000 187 723 100000 100000 23 100000 100000 743 100000 100000 727 100000 100000 100000 100000 100000 100000 100000 735 739 100000 746 100000 741 745 100000 100000 100000 100000 100000 747 749 100000 100000 752 753 100000 
100000 85 100000 100000 249 259 287 100000 100000 100000 428 100000 100000 378 543 572 100000 629 661 520 100000 100000 100000 757 100000 751 755 100000 100000 758 100000 759 100000 100000 100000 137 100000 100000 761 765 763 100000 767 100000 769 100000 550 552 556 773 100000 777 558 764 562 100000 100000 100000 100000 771 781 785 564 770 775 789 776 100000 100000 
100000 100000 90 100000 100000 100000 234 262 115 100000 100000 435 100000 511 100000 100000 100000 100000 100000 689 100000 100000 757 100000 793 797 100000 100000 779 100000 783 782 787 100000 801 100000 100000 100000 805 568 100000 570 100000 809 100000 100000 788 100000 791 813 100000 794 795 100000 799 817 100000 574 800 100000 6 576 803 807 100000 580 806 100000 100000 
100000 100000 94 136 100000 100000 100000 319 375 298 100000 100000 482 26 100000 100000 100000 100000 100000 683 100000 100000 100000 793 100000 100000 821 100000 100000 100000 825 812 100000 815 818 582 174 100000 100000 100000 100000 586 811 100000 100000 100000 100000 829 819 824 588 100000 100000 100000 823 100000 833 100000 91 827 100000 100000 831 100000 837 100000 592 830 841 
100000 100000 141 100000 100000 289 325 100000 377 100000 100000 439 471 100000 100000 100000 456 633 650 522 721 737 751 797 100000 100000 100000 100000 100000 835 845 100000 100000 839 103 100000 100000 843 100000 100000 100000 836 100000 594 100000 100000 847 100000 100000 100000 100000 100000 100000 849 100000 100000 100000 100000 598 100000 600 842 851 100000 853 848 857 100000 100000 
10 87 131 100000 168 100000 238 9 100000 413 100000 152 488 382 100000 438 100000 100000 100000 693 100000 100000 755 100000 821 100000 100000 855 861 854 100000 100000 859 860 863 865 866 100000 100000 100000 869 873 604 872 100000 100000 867 606 100000 100000 100000 100000 610 100000 871 100000 100000 875 612 100000 100000 100000 616 877 881 618 100000 100000 100000 
33 100000 149 100000 100000 267 283 349 380 100000 100000 100000 364 515 420 575 595 626 655 674 100000 740 100000 100000 100000 100000 855 100000 622 879 100000 883 100000 885 878 884 624 100000 100000 887 100000 628 100000 889 100000 100000 890 893 100000 896 100000 630 100000 100000 899 100000 897 100000 100000 901 124 634 100000 905 636 909 891 100000 100000 
100000 89 100000 199 100000 196 240 100000 100000 100000 100000 100000 100000 100000 100000 34 605 100000 659 100000 725 100000 100000 779 100000 100000 861 622 100000 913 100000 895 100000 903 907 100000 917 902 100000 100000 921 908 911 100000 100000 100000 914 640 100000 925 642 100000 646 100000 648 920 915 929 923 926 919 652 933 654 937 100000 100000 658 927 
100000 93 100000 201 100000 266 100000 100000 379 100000 100000 477 366 519 547 95 599 100000 100000 100000 100000 100000 758 100000 100000 835 854 879 913 100000 932 100000 100000 935 938 660 931 664 100000 100000 100000 941 939 100000 943 666 148 100000 100000 100000 945 947 100000 949 100000 100000 951 58 953 944 100000 100000 100000 957 100000 961 100000 100000 100000 
16 100000 100000 100000 100000 100000 100000 335 381 417 100000 464 475 384 551 100000 100000 100000 665 104 538 100000 100000 783 825 845 100000 100000 100000 932 100000 100000 100000 955 950 959 100000 963 100000 965 956 670 962 672 968 100000 971 100000 100000 100000 676 30 678 682 969 974 967 973 684 977 100000 100000 100000 688 975 980 100000 100000 100000 
100000 100000 100000 100000 172 100000 329 353 100000 100000 431 100000 483 523 424 577 602 637 70 100000 96 100000 759 782 812 100000 100000 883 895 100000 100000 100000 981 979 100000 690 100000 100000 100000 100000 694 100000 100000 100000 100000 100000 696 985 983 986 100000 700 702 989 100000 992 993 987 100000 100000 991 997 1001 100000 100000 100000 995 100000 100000 
100000 92 153 205 231 100000 100000 67 385 100000 100000 481 487 527 536 581 100000 478 663 687 100000 187 100000 787 100000 100000 859 100000 100000 100000 100000 981 100000 706 100000 100000 100000 100000 100000 100000 999 998 100000 100000 100000 100000 708 100000 1005 100000 100000 1009 100000 1003 100000 1013 100000 100000 712 100000 100000 100000 100000 100000 100000 100000 100000 100000 1017 
37 100000 128 176 100000 100000 290 100000 383 100000 100000 485 100000 100000 100000 578 460 100000 100000 697 100000 723 100000 100000 815 839 860 885 903 935 955 979 706 100000 1004 714 1021 1007 100000 1010 1016 1025 718 1019 100000 100000 1011 100000 65 100000 1029 100000 1015 100000 1022 100000 100000 100000 100000 1028 100000 1031 1023 100000 720 724 726 100000 100000 
18 100000 100000 203 253 100000 291 100000 100000 387 453 330 100000 100000 100000 100000 603 480 667 100000 100000 100000 100000 801 818 103 863 878 907 938 950 100000 100000 1004 100000 100000 100000 100000 100000 100000 1034 100000 730 100000 140 100000 732 100000 100000 1033 1027 100000 736 738 1037 1040 1041 100000 1035 100000 100000 1039 1043 100000 100000 742 1045 100000 1046 
22 100000 157 100000 230 293 295 100000 270 100000 100000 100000 100000 388 553 585 608 175 100000 680 711 100000 137 100000 582 100000 865 884 100000 660 959 690 100000 714 100000 100000 744 100000 1047 100000 1049 100000 1051 1053 1055 748 100000 100000 1052 750 100000 100000 100000 100000 754 100000 1057 100000 1061 100000 100000 100000 100000 1058 1059 1063 100000 1064 100000 
38 100000 100000 209 236 297 100000 357 389 421 100000 334 144 100000 542 100000 100000 632 498 100000 716 23 100000 100000 174 100000 866 624 917 931 100000 100000 100000 1021 100000 744 100000 100000 100000 1065 1067 100000 756 100000 100000 100000 760 1069 1073 100000 100000 762 1077 1070 100000 766 100000 100000 100000 100000 100000 1081 768 1071 100000 100000 100000 1085 100000 
27 98 100000 100000 257 198 100000 327 274 100000 457 100000 491 531 100000 584 609 627 669 701 100000 100000 100000 100000 100000 843 100000 100000 902 664 963 100000 100000 1007 100000 100000 100000 100000 145 1075 1076 100000 1079 772 100000 100000 100000 100000 1083 1089 100000 100000 774 778 780 1082 1093 100000 1097 100000 784 1087 160 100000 786 100000 1088 100000 1091 
31 46 100000 100000 261 301 299 331 100000 391 100000 489 513 535 100000 589 100000 100000 100000 100000 100000 100000 761 805 100000 100000 100000 100000 100000 100000 100000 100000 100000 100000 100000 1047 100000 145 100000 1094 1095 790 100000 1101 792 1099 100000 100000 796 100000 1103 100000 100000 798 100000 802 804 100000 163 100000 100000 1105 100000 100000 1100 100000 1109 1106 1112 
41 100000 135 49 100000 100000 296 100000 17 100000 310 100000 100000 100000 557 587 100000 100000 502 100000 719 743 765 568 100000 100000 100000 887 100000 100000 965 100000 100000 1010 100000 100000 1065 1075 1094 100000 1107 100000 100000 100000 808 100000 100000 100000 100000 100000 100000 100000 100000 100000 100000 1111 810 100000 100000 1113 100000 100000 100000 100000 100000 814 100000 816 1117 
50 97 100000 213 235 100000 100000 264 276 100000 100000 100000 100000 541 555 100000 100000 484 100000 12 100000 100000 763 100000 100000 100000 869 100000 921 100000 956 694 999 1016 1034 1049 1067 1076 1095 1107 100000 86 100000 1115 100000 1119 100000 1118 100000 100000 100000 100000 820 1121 1125 100000 1123 100000 100000 100000 100000 1127 100000 822 100000 1129 1124 100000 100000 
45 100000 100 100000 178 272 100000 338 100000 100000 127 447 495 100000 426 100000 462 100000 504 100000 729 100000 100000 570 586 836 873 628 908 941 670 100000 998 1025 100000 100000 100000 100000 790 100000 86 100000 100000 1131 1133 1130 1137 100000 100000 1135 1141 1136 1139 100000 100000 826 1143 100000 1145 100000 100000 1147 1149 100000 100000 828 72 832 100000 
100000 105 134 100000 265 100000 244 361 100000 395 100000 493 207 518 100000 593 611 100000 673 526 100000 727 767 100000 811 100000 604 100000 911 939 962 100000 100000 718 730 1051 756 1079 100000 100000 100000 100000 100000 834 100000 838 100000 1153 100000 100000 840 1151 100000 844 100000 100000 100000 1155 100000 100000 846 1142 1157 100000 100000 1159 1161 1163 100000 
57 100000 100000 211 100000 100000 333 339 100000 100000 434 100000 100000 390 179 100000 614 486 671 686 100000 100000 100000 809 100000 594 872 889 100000 100000 672 100000 100000 1019 100000 1053 100000 772 1101 100000 1115 1131 834 100000 100000 1165 100000 1169 100000 1148 100000 100000 1173 100000 1167 1177 850 1181 100000 1171 100000 100000 100000 1185 852 100000 100000 1154 169 
56 100000 102 100000 100000 100000 302 365 280 100000 461 336 517 100000 100000 442 100000 8 100000 100000 100000 100000 769 100000 100000 100000 100000 100000 100000 943 968 100000 100000 100000 140 1055 100000 100000 792 808 100000 1133 100000 100000 100000 100000 1189 100000 1193 1197 1160 100000 100000 1175 856 100000 100000 44 1179 100000 858 202 1201 100000 100000 862 864 1166 868 
69 107 139 217 100000 204 212 344 100000 398 100000 451 100000 394 100000 590 100000 641 100000 100000 540 100000 100000 100000 100000 100000 100000 100000 100000 666 100000 100000 100000 100000 100000 748 100000 100000 1099 100000 1119 1130 838 1165 100000 100000 1205 100000 100000 1183 100000 1172 870 100000 100000 100000 1209 100000 874 876 1187 1213 1191 1217 1195 100000 880 100000 1199 
100000 110 100000 221 180 100000 100000 100000 100000 404 440 497 100000 100000 100000 100000 100000 100000 656 100000 100000 100000 550 788 100000 847 867 890 914 148 971 696 708 1011 732 100000 760 100000 100000 100000 100000 1137 100000 100000 1189 1205 100000 100000 100000 100000 100000 1221 100000 100000 1225 882 100000 100000 1203 100000 1207 100000 886 100000 1211 129 100000 1229 888 
24 99 106 100000 239 208 100000 100000 100000 399 312 340 100000 396 430 100000 19 631 100000 100000 100000 100000 552 100000 829 100000 606 893 640 100000 100000 985 100000 100000 100000 100000 1069 100000 100000 100000 1118 100000 1153 1169 100000 100000 100000 100000 892 100000 894 1215 1219 100000 1233 898 100000 100000 1223 1178 1237 1184 900 100000 904 100000 100000 100000 1227 
191 100000 100000 215 100000 305 337 100000 100000 425 443 100000 370 539 432 444 466 645 100000 691 722 100000 556 791 819 100000 100000 100000 100000 100000 100000 983 1005 65 100000 1052 1073 1083 796 100000 100000 100000 100000 100000 1193 100000 100000 892 100000 1231 906 100000 1235 1239 100000 1241 100000 100000 1245 100000 1243 100000 1249 100000 100000 1247 1251 190 1253 
59 100000 161 182 100000 275 130 347 282 300 446 467 521 100000 100000 100000 617 635 508 692 100000 100000 773 813 824 100000 100000 896 925 100000 100000 986 100000 100000 1033 750 100000 1089 100000 100000 100000 1135 100000 1148 1197 1183 100000 100000 1231 100000 1190 100000 100000 100000 100000 100000 1257 1255 100000 1259 1261 100000 100000 100000 1265 100000 100000 100000 100000 
100000 100000 100000 100000 242 214 246 100000 393 100000 100000 501 499 400 100000 100000 468 100000 677 100000 120 735 100000 100000 588 100000 100000 100000 642 945 676 100000 100000 1029 1027 100000 100000 100000 1103 100000 100000 1141 840 100000 1160 100000 100000 894 906 1190 100000 1196 1269 100000 1202 1263 100000 100000 1208 1273 100000 100000 100000 100000 100000 100000 910 1277 1281 
100000 54 100000 100000 248 309 308 343 100000 183 316 342 525 100000 559 100000 620 100000 662 695 100000 739 777 794 100000 100000 100000 630 100000 947 30 700 1009 100000 100000 100000 762 100000 100000 100000 100000 1136 1151 100000 100000 1172 1221 1215 100000 100000 1196 100000 912 100000 1214 156 109 100000 916 1285 918 1289 1220 100000 100000 1267 1226 100000 100000 
62 206 108 138 100000 100000 100000 369 100000 403 452 100000 100000 100000 561 100000 100000 100000 100000 528 100000 100000 558 795 100000 100000 610 100000 646 100000 678 702 100000 1015 736 100000 1077 774 100000 100000 820 1139 100000 1173 100000 870 100000 1219 1235 100000 1269 912 100000 100000 1293 1271 922 1275 100000 1232 924 1238 928 100000 100000 1297 1279 100000 100000 
100000 100000 143 188 251 313 100000 100000 100000 407 455 459 529 545 548 448 100000 649 681 705 715 746 764 100000 100000 849 100000 100000 100000 949 682 989 1003 100000 738 100000 1070 778 798 100000 1121 100000 844 100000 1175 100000 100000 100000 1239 100000 100000 100000 100000 100000 930 100000 1244 100000 100000 100000 100000 100000 200 195 934 100000 936 100000 1283 
100000 113 146 100000 269 271 100000 100000 397 100000 100000 100000 100000 100000 565 100000 100000 490 685 699 100000 100000 562 799 823 100000 871 899 648 100000 969 100000 100000 1022 1037 754 100000 780 100000 100000 1125 100000 100000 1167 856 100000 1225 1233 100000 100000 1202 1214 1293 930 100000 940 1287 100000 210 100000 100000 100000 942 1250 1256 100000 1301 1262 1268 
73 116 100000 100000 243 216 341 100000 100000 410 465 100000 503 100000 436 100000 607 639 100000 100000 733 741 100000 817 100000 100000 100000 100000 920 100000 974 992 1013 100000 1040 100000 766 1082 802 1111 100000 826 100000 1177 100000 100000 882 898 1241 100000 1263 156 1271 100000 940 100000 100000 100000 100000 100000 1274 1305 946 100000 1280 1291 1309 100000 1286 
100000 64 100000 100000 80 100000 250 350 101 429 100000 470 372 100000 100000 579 472 100000 100000 703 728 745 100000 100000 833 100000 100000 897 915 951 967 993 100000 100000 1041 1057 100000 1093 804 810 1123 1143 100000 850 100000 1209 100000 100000 100000 1257 100000 109 922 1244 1287 100000 100000 100000 1292 1295 100000 100000 47 948 100000 100000 952 100000 100000 
43 39 155 100000 100000 220 311 351 100000 416 100000 100000 100000 100000 554 100000 613 653 510 698 100000 100000 100000 574 100000 100000 875 100000 929 58 973 987 100000 100000 100000 100000 100000 100000 100000 100000 100000 100000 1155 1181 44 100000 100000 100000 100000 1255 100000 100000 1275 100000 100000 100000 100000 100000 100000 1313 1299 100000 100000 100000 100000 100000 954 1298 1304 
77 100000 158 225 254 100000 100000 356 100000 100000 100000 100000 100000 100000 100000 596 615 657 100000 707 100000 100000 100000 800 91 598 612 100000 923 953 684 100000 712 100000 1035 1061 100000 1097 163 100000 100000 1145 100000 100000 1179 874 1203 1223 1245 100000 1208 916 100000 100000 210 100000 1292 100000 100000 100000 1317 100000 1303 958 100000 100000 100000 100000 1307 
100000 66 53 142 100000 222 100000 359 100000 100000 100000 346 494 100000 563 100000 100000 100000 100000 709 544 100000 771 100000 827 100000 100000 901 926 944 977 100000 100000 1028 100000 100000 100000 100000 100000 1113 100000 100000 100000 1171 100000 876 100000 1178 100000 1259 1273 1285 1232 100000 100000 100000 1295 1313 100000 100000 960 1321 100000 100000 52 964 1310 1316 100000 
100000 111 82 100000 100000 100000 314 268 401 304 100000 476 100000 524 567 100000 100000 100000 100000 713 546 100000 781 6 100000 600 100000 124 919 100000 100000 991 100000 100000 100000 100000 100000 784 100000 100000 100000 100000 846 100000 858 1187 1207 1237 1243 1261 100000 918 924 100000 100000 1274 100000 1299 1317 960 100000 966 970 1325 1329 972 100000 100000 976 
51 100000 114 229 100000 100000 252 355 386 100000 318 348 100000 100000 569 100000 100000 638 100000 100000 100000 100000 785 576 100000 842 100000 634 652 100000 100000 997 100000 1031 1039 100000 1081 1087 1105 100000 1127 1147 1142 100000 202 1213 100000 1184 100000 100000 100000 1289 1238 100000 100000 1305 100000 100000 100000 1321 966 100000 1311 1319 100000 100000 1315 1333 1337 
100000 117 100000 233 184 100000 256 100000 100000 100000 100000 100000 376 530 100000 100000 474 492 514 704 100000 747 564 803 831 851 616 100000 933 100000 100000 1001 100000 1023 1043 100000 768 160 100000 100000 100000 1149 1157 100000 1201 1191 886 900 1249 100000 100000 1220 928 200 942 946 47 100000 1303 100000 970 1311 100000 1323 100000 978 1341 100000 167 
100000 100000 100000 194 100000 278 100000 100000 100000 100000 100000 352 500 402 100000 583 619 496 100000 100000 100000 749 770 807 100000 100000 877 905 654 957 688 100000 100000 100000 100000 1058 1071 100000 100000 100000 822 100000 100000 1185 100000 1217 100000 100000 100000 100000 100000 100000 100000 195 1250 100000 948 100000 958 100000 1325 1319 1323 100000 982 984 988 1345 990 
55 100000 164 100000 100000 317 303 100000 286 100000 411 463 100000 406 100000 597 621 100000 675 532 731 100000 775 100000 837 853 881 636 937 100000 975 100000 100000 720 100000 1059 100000 786 1100 100000 100000 100000 100000 852 100000 1195 1211 904 100000 1265 100000 100000 100000 934 1256 1280 100000 100000 100000 52 1329 100000 100000 982 100000 1322 1327 1328 1331 
68 100000 170 150 273 100000 100000 363 288 433 322 354 100000 408 100000 100000 61 643 100000 100000 734 100000 789 580 100000 848 618 909 100000 961 980 100000 100000 724 742 1063 100000 100000 100000 814 1129 828 1159 100000 862 100000 129 100000 1247 100000 100000 1267 1297 100000 100000 1291 100000 100000 100000 964 972 100000 978 984 1322 100000 1334 1349 1340 
28 100000 147 154 277 100000 307 362 100000 100000 100000 479 100000 100000 100000 100000 623 100000 668 100000 100000 752 776 806 592 857 100000 891 100000 100000 100000 995 100000 726 1045 100000 100000 1088 1109 100000 1124 72 1161 100000 864 880 100000 100000 1251 100000 910 1226 1279 936 1301 1309 952 954 100000 1310 100000 1315 1341 988 1327 1334 100000 994 100000 
100000 119 100000 100000 281 100000 320 100000 100000 306 324 100000 100000 100000 100000 100000 100000 48 679 710 100000 753 100000 100000 830 100000 100000 100000 658 100000 100000 100000 100000 100000 100000 1064 1085 100000 1106 816 100000 832 1163 1154 1166 100000 1229 100000 190 100000 1277 100000 100000 100000 1262 100000 100000 1298 100000 1316 100000 1333 100000 1345 1328 1349 994 100000 1353 
36 76 100000 162 100000 279 345 100000 100000 100000 328 100000 506 549 560 601 100000 647 100000 717 100000 100000 100000 100000 841 100000 100000 100000 927 100000 100000 100000 1017 100000 1046 100000 100000 1091 1112 1117 100000 100000 100000 169 868 1199 888 1227 1253 100000 1281 100000 100000 1283 1268 1286 100000 1304 1307 100000 976 1337 167 990 1331 1340 100000 1353 100000 
