0 2 5
41 51 93
21 28 28
2 29 66
7 19 32
3 17 84
1 24 60
33 36 11
0 20 12
1 9 42
8 23 22
0 21 29
30 47 39
0 9 8
0 7 17
0 16 19
38 47 18
2 44 110
14 34 58
0 11 20
1 15 62
0 47 24
25 32 23
0 10 14
1 4 77
0 42 57
18 22 7
1 12 56
41 45 33
10 40 49
0 43 16
46 56 36
4 39 10
0 17 26
37 48 9
0 46 47
0 5 6
0 50 30
0 54 34
0 41 31
14 49 15
4 52 108
0 23 37
0 33 35
0 6 13
1 27 64
20 35 4
0 14 21
16 32 48
23 55 109
47 53 86
0 37 27
0 31 41
1 26 89
0 18 25
13 49 45
