1 3 39
2 4 71
33 42 42
18 19 17
2 28 122
1 35 106
0 36 23
0 53 31
1 10 43
1 48 61
0 15 10
5 27 114
1 18 30
1 52 69
0 26 19
2 41 60
0 25 18
1 21 53
0 57 35
0 7 7
1 38 34
0 23 15
25 59 4
0 8 9
0 56 32
41 45 33
0 9 11
1 47 57
1 14 49
13 44 147
1 13 47
40 43 86
1 2 38
2 54 129
1 34 107
6 47 77
2 29 131
0 11 6
0 24 14
32 39 37
1 32 46
0 42 22
36 50 25
2 12 83
1 23 8
0 16 21
15 58 63
30 42 41
15 49 13
2 22 110
31 50 78
1 43 55
0 5 5
46 55 16
0 46 27
16 20 20
0 37 29
0 17 12
11 51 98
