1 26 68
0 47 38
23 55 60
0 24 29
0 9 13
0 38 30
15 58 106
0 42 53
0 52 43
34 50 95
45 50 84
0 54 40
1 21 33
19 31 5
1 28 71
0 60 44
0 8 11
16 59 104
0 35 39
1 30 63
32 49 17
0 22 19
1 4 77
23 29 18
51 62 50
17 43 31
0 14 15
48 62 35
2 10 99
21 46 37
22 56 7
49 59 79
1 33 42
8 61 46
0 1 8
0 13 14
5 7 125
0 25 21
1 39 87
8 59 12
6 27 59
10 57 85
6 53 86
0 34 27
12 43 55
18 57 90
0 3 6
13 58 57
27 44 28
0 41 34
12 33 16
0 27 22
17 57 52
0 51 36
0 36 49
0 5 9
20 44 116
11 50 155
0 37 32
25 31 20
29 40 117
9 23 10
