0 17 10
2 6 54
2 7 58
2 5 48
0 37 45
30 43 20
38 45 47
4 48 131
16 42 17
0 52 61
0 59 43
0 41 32
1 44 95
0 45 27
31 53 30
46 61 101
33 64 5
0 14 7
1 9 59
2 57 57
1 23 85
0 13 33
0 49 31
4 36 50
0 1 9
13 34 66
2 24 122
0 21 37
1 19 68
36 65 29
0 16 14
5 62 153
7 18 62
0 27 15
13 47 39
10 54 8
12 25 70
26 35 155
0 31 19
1 2 38
3 22 108
10 23 23
1 29 36
2 61 90
17 51 105
3 64 16
0 40 26
3 35 126
0 28 18
0 11 21
1 4 51
1 32 74
0 39 49
14 55 82
0 15 11
30 41 34
0 3 6
0 20 12
12 13 13
0 56 35
51 58 25
8 27 97
42 50 22
0 60 24
42 63 124
