3 63 194
3 9 177
20 50 120
17 44 8
0 52 62
20 31 96
0 33 37
0 47 24
56 62 47
0 10 11
0 13 29
7 32 67
19 40 12
0 19 35
0 64 55
29 57 58
0 49 59
0 4 21
0 6 7
7 26 9
21 36 23
16 65 61
0 26 10
2 59 53
0 14 15
0 43 57
0 41 45
1 46 110
0 37 27
33 48 65
0 17 25
0 39 41
0 36 38
1 57 39
0 55 73
16 47 19
13 24 26
15 28 34
0 66 28
23 60 6
0 3 13
0 30 16
1 22 85
0 34 18
2 5 121
30 51 30
2 60 82
1 28 89
0 38 31
2 53 143
1 54 113
17 67 48
8 39 17
0 1 5
0 68 36
59 64 52
25 34 103
0 18 32
0 11 14
0 61 51
0 27 33
0 35 22
1 56 64
0 12 20
0 45 69
0 58 77
18 31 70
1 42 105
