1 9 57
19 21 192
2 66 189
23 41 28
7 51 9
29 40 75
22 57 71
29 56 129
1 69 99
41 59 37
30 46 18
0 20 16
24 42 56
3 12 64
25 36 169
1 31 79
61 70 39
0 16 11
32 35 59
17 53 8
0 28 17
1 70 24
0 12 6
49 68 47
0 61 31
0 63 45
0 10 5
0 34 15
0 51 33
0 49 29
0 64 49
2 25 128
0 47 25
0 45 21
1 5 51
33 37 14
37 39 67
0 53 26
19 41 43
0 22 10
1 13 69
0 48 19
4 23 35
55 60 65
2 35 54
0 62 32
50 71 178
6 8 174
0 27 30
1 60 93
0 41 20
0 50 22
1 40 74
2 18 42
10 44 52
1 8 55
7 43 23
0 26 13
1 33 68
65 70 158
0 14 7
0 54 41
2 15 40
0 58 27
4 52 118
6 38 198
9 11 181
0 46 12
0 67 44
9 24 3
2 7 34
