3 28 57
0 56 34
0 1 7
32 72 42
2 18 82
1 49 87
25 60 51
0 24 16
39 41 13
43 63 10
19 60 64
29 33 76
10 48 5
30 74 44
43 55 59
27 30 68
0 29 20
20 25 33
0 36 27
13 24 83
0 51 65
0 8 15
17 60 116
0 11 12
14 44 80
7 68 117
0 21 21
1 38 110
0 3 6
0 4 8
37 73 45
0 59 55
2 4 18
2 12 155
3 71 35
0 50 43
30 67 61
0 32 37
11 42 46
1 22 66
0 70 73
2 26 108
0 34 26
0 57 40
0 31 23
0 7 9
2 40 120
1 58 123
0 69 95
20 45 36
0 41 47
0 43 31
0 35 32
10 50 38
15 56 89
16 20 109
43 46 105
0 30 22
0 23 14
0 14 17
0 53 30
1 66 70
0 37 41
0 5 11
51 61 19
0 25 25
0 52 28
3 6 126
0 47 39
45 62 29
1 65 56
0 9 77
0 64 52
24 54 24
