20 35 4
0 2 5
0 5 6
18 22 7
0 9 8
37 48 9
4 39 10
33 36 11
0 20 12
0 6 13
0 10 14
14 49 15
0 43 16
0 7 17
38 47 18
0 16 19
0 11 20
0 14 21
8 23 22
25 32 23
0 47 24
0 18 25
0 17 26
0 37 27
21 28 28
0 21 29
0 50 30
0 41 31
7 19 32
41 45 33
0 54 34
0 33 35
46 56 36
0 23 37
30 47 39
0 31 41
1 9 42
13 49 45
0 46 47
16 32 48
10 40 49
1 12 56
0 42 57
14 34 58
1 24 60
1 15 62
1 27 64
2 29 66
1 4 77
3 17 84
47 53 86
1 26 89
41 51 93
4 52 108
23 55 109
2 44 110
