25 59 4
0 5 5
0 11 6
0 7 7
1 23 8
0 8 9
0 15 10
0 9 11
0 17 12
15 49 13
0 24 14
0 23 15
46 55 16
18 19 17
0 25 18
0 26 19
16 20 20
0 16 21
0 42 22
0 36 23
36 50 25
0 46 27
0 37 29
1 18 30
0 53 31
0 56 32
41 45 33
1 38 34
0 57 35
32 39 37
1 2 38
1 3 39
30 42 41
33 42 42
1 10 43
1 32 46
1 13 47
1 14 49
1 21 53
1 43 55
1 47 57
2 41 60
1 48 61
15 58 63
1 52 69
2 4 71
6 47 77
31 50 78
2 12 83
40 43 86
11 51 98
1 35 106
1 34 107
2 22 110
5 27 114
2 28 122
2 54 129
2 29 131
13 44 147
