19 31 5
0 3 6
22 56 7
0 1 8
0 5 9
9 23 10
0 8 11
8 59 12
0 9 13
0 13 14
0 14 15
12 33 16
32 49 17
23 29 18
0 22 19
25 31 20
0 25 21
0 27 22
0 34 27
27 44 28
0 24 29
0 38 30
17 43 31
0 37 32
1 21 33
0 41 34
48 62 35
0 51 36
21 46 37
0 47 38
0 35 39
0 54 40
1 33 42
0 52 43
0 60 44
8 61 46
0 36 49
51 62 50
17 57 52
0 42 53
12 43 55
13 58 57
6 27 59
23 55 60
1 30 63
1 26 68
1 28 71
1 4 77
49 59 79
45 50 84
10 57 85
6 53 86
1 39 87
18 57 90
34 50 95
2 10 99
16 59 104
15 58 106
20 44 116
29 40 117
5 7 125
11 50 155
