33 64 5
0 3 6
0 14 7
10 54 8
0 1 9
0 17 10
0 15 11
0 20 12
12 13 13
0 16 14
0 27 15
3 64 16
16 42 17
0 28 18
0 31 19
30 43 20
0 11 21
42 50 22
10 23 23
0 60 24
51 58 25
0 40 26
0 45 27
36 65 29
31 53 30
0 49 31
0 41 32
0 13 33
30 41 34
0 56 35
1 29 36
0 21 37
1 2 38
13 47 39
0 59 43
0 37 45
38 45 47
2 5 48
0 39 49
4 36 50
1 4 51
2 6 54
2 57 57
2 7 58
1 9 59
0 52 61
7 18 62
13 34 66
1 19 68
12 25 70
1 32 74
14 55 82
1 23 85
2 61 90
1 44 95
8 27 97
46 61 101
17 51 105
3 22 108
2 24 122
42 63 124
3 35 126
4 48 131
5 62 153
26 35 155
