0 1 5
23 60 6
0 6 7
17 44 8
7 26 9
0 26 10
0 10 11
19 40 12
0 3 13
0 11 14
0 14 15
0 30 16
8 39 17
0 34 18
16 47 19
0 12 20
0 4 21
0 35 22
21 36 23
0 47 24
0 17 25
13 24 26
0 37 27
0 66 28
0 13 29
30 51 30
0 38 31
0 18 32
0 27 33
15 28 34
0 19 35
0 68 36
0 33 37
0 36 38
1 57 39
0 39 41
0 41 45
56 62 47
17 67 48
0 61 51
59 64 52
2 59 53
0 64 55
0 43 57
29 57 58
0 49 59
16 65 61
0 52 62
1 56 64
33 48 65
7 32 67
0 45 69
18 31 70
0 55 73
0 58 77
2 60 82
1 22 85
1 28 89
20 31 96
25 34 103
1 42 105
1 46 110
1 54 113
20 50 120
2 5 121
2 53 143
3 9 177
3 63 194
