9 24 3
0 10 5
0 12 6
0 14 7
17 53 8
7 51 9
0 22 10
0 16 11
0 46 12
0 26 13
33 37 14
0 34 15
0 20 16
0 28 17
30 46 18
0 48 19
0 41 20
0 45 21
0 50 22
7 43 23
1 70 24
0 47 25
0 53 26
0 58 27
23 41 28
0 49 29
0 27 30
0 61 31
0 62 32
0 51 33
2 7 34
4 23 35
41 59 37
61 70 39
2 15 40
0 54 41
2 18 42
19 41 43
0 67 44
0 63 45
49 68 47
0 64 49
1 5 51
10 44 52
2 35 54
1 8 55
24 42 56
1 9 57
32 35 59
3 12 64
55 60 65
37 39 67
1 33 68
1 13 69
22 57 71
1 40 74
29 40 75
1 31 79
1 60 93
1 69 99
4 52 118
2 25 128
29 56 129
65 70 158
25 36 169
6 8 174
50 71 178
9 11 181
2 66 189
19 21 192
6 38 198
