10 48 5
0 3 6
0 1 7
0 4 8
0 7 9
43 63 10
0 5 11
0 11 12
39 41 13
0 23 14
0 8 15
0 24 16
0 14 17
2 4 18
51 61 19
0 29 20
0 21 21
0 30 22
0 31 23
24 54 24
0 25 25
0 34 26
0 36 27
0 52 28
45 62 29
0 53 30
0 43 31
0 35 32
20 25 33
0 56 34
3 71 35
20 45 36
0 32 37
10 50 38
0 47 39
0 57 40
0 37 41
32 72 42
0 50 43
30 74 44
37 73 45
11 42 46
0 41 47
25 60 51
0 64 52
0 59 55
1 65 56
3 28 57
43 55 59
30 67 61
19 60 64
0 51 65
1 22 66
27 30 68
1 66 70
0 70 73
29 33 76
0 9 77
14 44 80
2 18 82
13 24 83
1 49 87
15 56 89
0 69 95
43 46 105
2 26 108
16 20 109
1 38 110
17 60 116
7 68 117
2 40 120
1 58 123
3 6 126
2 12 155
